1 5 85  0021401217
1 20 108  0021401205
1 30 99  0021401198
1 4 104  0021401176
1 3 114  0021401163
1 24 96  0021401154
1 3 131  0021401138
1 9 95  0021401109
1 17 101  0021401103
1 4 100  0021401087
1 16 99  0021401077
1 22 95  0021401062
1 27 95  0021401039
1 21 115  0021401026
1 10 95  0021401014
1 26 110  0021400998
1 14 91  0021400989
1 24 96  0021400974
1 8 102  0021400958
1 26 130  0021400939
1 23 84  0021400927
1 6 106  0021400915
1 11 104  0021400892
1 16 93  0021400871
1 22 95  0021400858
1 7 104  0021400843
1 17 97  0021400822
1 28 80  0021400805
1 2 88  0021400789
1 18 117  0021400779
1 15 88  0021400767
1 10 124  0021400749
1 30 105  0021400732
1 19 100  0021400722
1 23 91  0021400708
1 25 105  0021400697
1 3 113  0021400683
1 18 112  0021400661
1 21 103  0021400642
1 12 110  0021400628
1 9 93  0021400613
1 5 107  0021400602
1 28 110  0021400592
1 2 105  0021400580
1 23 105  0021400568
1 30 120  0021400558
1 9 106  0021400540
1 15 96  0021400526
1 13 107  0021400519
1 25 115  0021400501
1 29 98  0021400492
1 6 109  0021400466
1 17 90  0021400449
1 17 77  0021400434
1 13 107  0021400420
1 7 105  0021400413
1 11 104  0021400396
1 6 127  0021400370
1 5 93  0021400358
1 22 99  0021400343
1 22 87  0021400330
1 23 95  0021400319
1 12 108  0021400301
1 8 96  0021400295
1 3 98  0021400280
1 16 112  0021400267
1 2 109  0021400254
1 4 105  0021400237
1 19 100  0021400225
1 28 115  0021400215
1 30 106  0021400205
1 9 99  0021400174
1 14 109  0021400155
1 6 94  0021400133
1 16 114  0021400124
1 29 100  0021400110
1 20 91  0021400100
1 20 103  0021400084
1 4 119  0021400071
1 27 92  0021400064
1 12 102  0021400032
1 28 102  0021400008
2 17 105  0021401221
2 28 95  0021401214
2 6 117  0021401194
2 6 99  0021401178
2 9 113  0021401164
2 28 117  0021401140
2 17 101  0021401129
2 12 100  0021401115
2 4 116  0021401101
2 13 106  0021401095
2 20 96  0021401079
2 16 86  0021401064
2 3 110  0021401049
2 9 97  0021401043
2 27 89  0021401028
2 21 118  0021401011
2 23 108  0021400992
2 12 93  0021400976
2 22 95  0021400969
2 15 95  0021400954
2 16 100  0021400940
2 22 98  0021400935
2 19 104  0021400919
2 29 85  0021400898
2 6 79  0021400891
2 10 101  0021400880
2 4 106  0021400859
2 20 115  0021400844
2 24 115  0021400835
2 14 111  0021400829
2 26 101  0021400813
2 1 89  0021400789
2 17 93  0021400763
2 23 107  0021400750
2 8 104  0021400733
2 20 108  0021400728
2 16 75  0021400716
2 11 87  0021400698
2 18 98  0021400686
2 29 99  0021400673
2 10 111  0021400665
2 8 100  0021400649
2 25 90  0021400639
2 13 93  0021400614
2 5 103  0021400591
2 1 91  0021400580
2 19 108  0021400563
2 28 96  0021400553
2 12 103  0021400538
2 3 89  0021400527
2 4 95  0021400510
2 5 104  0021400496
2 7 101  0021400486
2 26 106  0021400475
2 30 88  0021400445
2 3 107  0021400432
2 22 95  0021400418
2 16 84  0021400404
2 18 114  0021400385
2 22 109  0021400371
2 23 105  0021400357
2 20 95  0021400331
2 4 87  0021400316
2 30 132  0021400302
2 30 101  0021400294
2 14 113  0021400279
2 9 109  0021400265
2 1 105  0021400254
2 27 89  0021400241
2 5 102  0021400223
2 25 88  0021400194
2 15 100  0021400176
2 23 101  0021400162
2 24 114  0021400148
2 6 121  0021400125
2 21 94  0021400111
2 5 106  0021400086
2 12 101  0021400074
2 28 107  0021400059
2 7 113  0021400046
2 11 90  0021400034
2 3 121  0021400006
3 22 101  0021401224
3 5 86  0021401206
3 17 73  0021401193
3 30 117  0021401177
3 1 111  0021401163
3 25 106  0021400668
3 1 99  0021401138
3 28 114  0021401130
3 20 100  0021401116
3 12 111  0021401108
3 14 107  0021401093
3 6 106  0021401078
3 4 91  0021401060
3 2 91  0021401049
3 12 123  0021401032
3 17 129  0021401022
3 6 92  0021401005
3 18 122  0021400994
3 23 94  0021400978
3 16 98  0021400955
3 19 91  0021400947
3 29 88  0021400933
3 24 100  0021400916
3 4 91  0021400899
3 10 110  0021400886
3 7 104  0021400874
3 11 98  0021400863
3 19 96  0021400849
3 8 110  0021400834
3 14 114  0021400815
3 15 86  0021400786
3 17 97  0021400778
3 30 77  0021400759
3 20 92  0021400746
3 28 109  0021400734
3 13 102  0021400720
3 28 122  0021400699
3 1 102  0021400683
3 29 73  0021400655
3 13 84  0021400640
3 26 103  0021400635
3 30 90  0021400605
3 30 102  0021400590
3 15 92  0021400576
3 11 99  0021400564
3 9 93  0021400551
3 23 88  0021400539
3 2 81  0021400527
3 7 88  0021400511
3 16 84  0021400505
3 22 100  0021400485
3 5 96  0021400467
3 26 107  0021400461
3 12 85  0021400448
3 2 109  0021400432
3 8 102  0021400421
3 9 110  0021400403
3 6 91  0021400386
3 28 89  0021400374
3 16 91  0021400364
3 4 114  0021400341
3 23 88  0021400332
3 5 80  0021400320
3 6 88  0021400303
3 1 75  0021400280
3 27 95  0021400266
3 20 98  0021400256
3 5 84  0021400242
3 23 99  0021400213
3 27 87  0021400191
3 21 94  0021400178
3 17 118  0021400164
3 16 83  0021400149
3 25 87  0021400138
3 10 99  0021400121
3 24 104  0021400116
3 22 104  0021400090
3 20 110  0021400075
3 18 91  0021400060
3 21 116  0021400044
3 9 102  0021400033
3 2 105  0021400006
4 28 87  0021401228
4 11 90  0021401202
4 9 77  0021401195
4 1 80  0021401176
4 28 74  0021401160
4 16 100  0021401155
4 23 92  0021401137
4 12 74  0021401127
4 9 102  0021401112
4 2 104  0021401101
4 1 115  0021401087
4 30 107  0021401076
4 3 88  0021401060
4 5 86  0021401051
4 18 109  0021401045
4 26 91  0021401029
4 13 92  0021401004
4 29 66  0021400997
4 5 101  0021400967
4 26 106  0021400952
4 30 69  0021400938
4 9 108  0021400934
4 28 103  0021400911
4 3 115  0021400899
4 14 104  0021400890
4 22 98  0021400882
4 2 98  0021400859
4 5 98  0021400845
4 7 81  0021400827
4 21 103  0021400816
4 9 78  0021400783
4 12 102  0021400768
4 23 81  0021400761
4 30 94  0021400742
4 30 92  0021400719
4 8 104  0021400713
4 27 86  0021400689
4 20 76  0021400652
4 6 90  0021400643
4 16 78  0021400625
4 18 105  0021400611
4 12 80  0021400600
4 27 93  0021400574
4 20 110  0021400549
4 28 103  0021400535
4 19 98  0021400522
4 2 104  0021400510
4 22 98  0021400495
4 6 87  0021400484
4 11 83  0021400478
4 17 94  0021400459
4 22 94  0021400444
4 21 75  0021400438
4 17 108  0021400423
4 8 110  0021400409
4 29 104  0021400395
4 23 109  0021400384
4 24 106  0021400369
4 6 88  0021400355
4 3 87  0021400341
4 15 107  0021400334
4 2 96  0021400316
4 20 103  0021400276
4 5 95  0021400263
4 1 75  0021400237
4 10 101  0021400224
4 25 97  0021400210
4 13 92  0021400198
4 16 93  0021400195
4 22 100  0021400172
4 12 86  0021400160
4 7 80  0021400146
4 10 87  0021400140
4 24 103  0021400130
4 25 100  0021400107
4 14 92  0021400097
4 1 122  0021400071
4 16 96  0021400057
4 19 91  0021400054
4 20 93  0021400041
4 15 69  0021400028
4 17 108  0021400004
5 1 91  0021401217
5 3 113  0021401206
5 23 114  0021401189
5 16 89  0021401173
5 22 103  0021401161
5 6 94  0021401148
5 9 88  0021401131
5 17 91  0021401118
5 20 111  0021401088
5 28 116  0021401065
5 4 98  0021401051
5 9 91  0021401033
5 28 108  0021401025
5 12 103  0021401009
5 21 100  0021400982
5 4 91  0021400967
5 23 104  0021400953
5 15 91  0021400941
5 27 105  0021400931
5 12 84  0021400912
5 21 108  0021400909
5 30 97  0021400893
5 13 86  0021400877
5 18 96  0021400862
5 4 86  0021400845
5 17 87  0021400831
5 24 112  0021400818
5 9 91  0021400806
5 6 113  0021400800
5 26 104  0021400785
5 22 98  0021400770
5 19 107  0021400758
5 11 90  0021400735
5 24 93  0021400704
5 14 118  0021400695
5 10 113  0021400679
5 16 84  0021400657
5 7 102  0021400646
5 27 104  0021400637
5 6 94  0021400620
5 1 99  0021400602
5 2 119  0021400591
5 30 99  0021400579
5 22 114  0021400566
5 17 95  0021400554
5 30 86  0021400543
5 29 77  0021400528
5 11 114  0021400512
5 2 109  0021400496
5 8 106  0021400482
5 3 82  0021400467
5 12 92  0021400460
5 19 107  0021400447
5 14 113  0021400430
5 30 99  0021400419
5 28 129  0021400410
5 15 103  0021400389
5 20 103  0021400379
5 1 86  0021400358
5 16 93  0021400349
5 25 115  0021400328
5 3 105  0021400320
5 10 102  0021400289
5 4 102  0021400263
5 7 129  0021400257
5 3 102  0021400242
5 2 109  0021400223
5 8 109  0021400209
5 29 97  0021400204
5 25 87  0021400183
5 26 88  0021400171
5 13 105  0021400154
5 12 90  0021400135
5 28 100  0021400119
5 9 102  0021400101
5 2 101  0021400086
5 23 118  0021400073
5 17 95  0021400062
5 22 98  0021400053
5 18 106  0021400035
5 6 108  0021400022
5 20 104  0021400010
6 30 113  0021401225
6 9 109  0021401203
6 2 78  0021401194
6 2 90  0021401178
6 17 104  0021401167
6 5 99  0021401148
6 16 114  0021401124
6 23 87  0021401092
6 3 98  0021401078
6 15 111  0021401066
6 17 108  0021401037
6 12 95  0021401023
6 3 117  0021401005
6 16 92  0021400995
6 22 123  0021400985
6 27 128  0021400964
6 7 127  0021400948
6 24 89  0021400924
6 1 97  0021400915
6 28 120  0021400900
6 2 110  0021400891
6 11 103  0021400883
6 12 86  0021400856
6 10 110  0021400854
6 9 102  0021400839
6 20 101  0021400821
6 30 127  0021400809
6 5 98  0021400800
6 16 113  0021400796
6 14 120  0021400766
6 12 99  0021400747
6 13 105  0021400743
6 23 97  0021400718
6 18 106  0021400711
6 26 101  0021400700
6 25 99  0021400681
6 9 103  0021400676
6 21 108  0021400658
6 4 129  0021400643
6 29 106  0021400626
6 5 108  0021400620
6 13 126  0021400599
6 14 109  0021400586
6 24 100  0021400570
6 26 84  0021400561
6 10 94  0021400547
6 11 93  0021400523
6 23 92  0021400509
6 7 90  0021400503
6 4 91  0021400484
6 17 80  0021400479
6 1 101  0021400466
6 9 80  0021400453
6 22 98  0021400433
6 16 91  0021400429
6 18 125  0021400416
6 15 105  0021400401
6 3 95  0021400386
6 1 98  0021400370
6 4 97  0021400355
6 19 114  0021400336
6 21 94  0021400326
6 28 105  0021400308
6 3 110  0021400303
6 28 105  0021400281
6 20 90  0021400273
6 17 111  0021400253
6 12 109  0021400238
6 30 113  0021400211
6 22 106  0021400199
6 28 93  0021400186
6 30 78  0021400179
6 27 90  0021400159
6 8 97  0021400147
6 1 127  0021400133
6 2 122  0021400125
6 19 118  0021400098
6 8 110  0021400081
6 29 100  0021400066
6 25 82  0021400055
6 5 114  0021400022
6 20 90  0021400018
7 25 114  0021401218
7 29 92  0021401210
7 14 120  0021401201
7 8 144  0021401184
7 24 107  0021401171
7 10 110  0021401142
7 11 101  0021401125
7 21 135  0021401120
7 12 99  0021401099
7 27 76  0021401084
7 27 101  0021401057
7 24 92  0021401046
7 15 101  0021401027
7 22 107  0021401012
7 21 119  0021400996
7 13 129  0021400972
7 6 94  0021400948
7 14 100  0021400937
7 10 89  0021400922
7 25 75  0021400910
7 19 102  0021400889
7 3 94  0021400874
7 1 87  0021400843
7 28 99  0021400841
7 4 92  0021400827
7 11 111  0021400810
7 21 89  0021400801
7 29 87  0021400797
7 13 98  0021400781
7 25 111  0021400762
7 26 101  0021400744
7 10 114  0021400741
7 18 100  0021400724
7 22 108  0021400706
7 16 93  0021400702
7 11 94  0021400685
7 15 90  0021400678
7 19 106  0021400660
7 5 98  0021400646
7 18 98  0021400631
7 15 103  0021400616
7 8 97  0021400594
7 8 107  0021400581
7 26 108  0021400572
7 13 100  0021400550
7 9 95  0021400529
7 3 96  0021400511
7 6 109  0021400503
7 2 119  0021400486
7 30 114  0021400470
7 21 112  0021400455
7 14 102  0021400439
7 24 115  0021400425
7 1 102  0021400413
7 27 99  0021400397
7 9 117  0021400372
7 20 107  0021400367
7 10 98  0021400340
7 19 112  0021400323
7 15 105  0021400310
7 17 125  0021400298
7 24 106  0021400284
7 17 107  0021400269
7 5 132  0021400257
7 23 110  0021400235
7 28 106  0021400227
7 20 109  0021400214
7 12 100  0021400203
7 11 92  0021400188
7 14 140  0021400180
7 30 105  0021400163
7 4 107  0021400146
7 18 131  0021400137
7 23 123  0021400120
7 26 106  0021400106
7 16 96  0021400094
7 29 105  0021400080
7 25 87  0021400070
7 2 118  0021400046
7 19 109  0021400027
7 29 120  0021400019
7 27 100  0021400002
8 10 126  0021401229
8 13 103  0021401213
8 26 122  0021401196
8 7 143  0021401184
8 14 119  0021401169
8 13 92  0021401144
8 27 93  0021401134
8 29 84  0021401121
8 25 114  0021401091
8 29 107  0021401085
8 23 85  0021401069
8 22 119  0021401044
8 16 91  0021401024
8 11 108  0021401017
8 15 81  0021400993
8 19 118  0021400984
8 10 114  0021400973
8 1 115  0021400958
8 20 106  0021400943
8 11 100  0021400930
8 27 111  0021400921
8 18 100  0021400902
8 17 106  0021400895
8 19 92  0021400884
8 29 82  0021400866
8 24 96  0021400850
8 3 82  0021400834
8 21 94  0021400826
8 17 81  0021400811
8 14 106  0021400787
8 21 114  0021400782
8 9 88  0021400751
8 2 100  0021400733
8 23 98  0021400726
8 4 86  0021400713
8 15 69  0021400693
8 19 93  0021400687
8 13 98  0021400674
8 30 115  0021400666
8 2 99  0021400649
8 27 99  0021400624
8 10 79  0021400615
8 18 105  0021400606
8 7 89  0021400594
8 7 114  0021400581
8 26 118  0021400546
8 22 93  0021400530
8 18 110  0021400514
8 15 114  0021400500
8 5 101  0021400482
8 14 103  0021400471
8 28 102  0021400457
8 18 106  0021400440
8 3 96  0021400421
8 4 82  0021400409
8 12 76  0021400398
8 13 109  0021400391
8 11 111  0021400378
8 27 91  0021400354
8 11 96  0021400346
8 16 102  0021400325
8 28 107  0021400304
8 1 84  0021400295
8 30 89  0021400278
8 25 103  0021400259
8 29 103  0021400251
8 24 122  0021400232
8 24 112  0021400221
8 5 114  0021400209
8 14 101  0021400197
8 19 117  0021400181
8 21 107  0021400168
8 6 106  0021400147
8 20 93  0021400142
8 12 108  0021400122
8 25 113  0021400115
8 25 100  0021400096
8 6 101  0021400081
8 26 109  0021400067
8 26 105  0021400047
8 21 91  0021400036
8 9 89  0021400011
9 20 112  0021401226
9 6 97  0021401203
9 4 116  0021401195
9 12 103  0021401179
9 2 103  0021401164
9 16 99  0021401139
9 5 82  0021401131
9 4 78  0021401112
9 1 105  0021401109
9 16 102  0021401096
9 22 111  0021401074
9 28 108  0021401054
9 2 105  0021401043
9 5 107  0021401033
9 23 83  0021401006
9 15 105  0021401000
9 29 85  0021400980
9 25 99  0021400975
9 10 98  0021400960
9 14 85  0021400951
9 4 101  0021400934
9 11 93  0021400917
9 19 85  0021400903
9 30 95  0021400870
9 20 115  0021400860
9 6 93  0021400839
9 30 106  0021400823
9 5 100  0021400806
9 27 87  0021400790
9 4 106  0021400783
9 18 101  0021400769
9 8 98  0021400751
9 12 109  0021400731
9 16 108  0021400727
9 11 114  0021400709
9 23 69  0021400682
9 6 95  0021400676
9 28 110  0021400664
9 17 86  0021400653
9 22 128  0021400629
9 1 82  0021400613
9 23 107  0021400601
9 12 98  0021400587
9 19 94  0021400577
9 28 114  0021400565
9 3 98  0021400551
9 1 103  0021400540
9 7 108  0021400529
9 27 105  0021400521
9 26 114  0021400504
9 20 97  0021400487
9 22 109  0021400465
9 6 103  0021400453
9 12 119  0021400435
9 3 105  0021400403
9 28 100  0021400387
9 7 106  0021400372
9 13 91  0021400362
9 26 95  0021400347
9 24 105  0021400337
9 25 86  0021400309
9 21 94  0021400297
9 23 101  0021400288
9 2 102  0021400265
9 14 96  0021400255
9 10 93  0021400243
9 17 88  0021400226
9 13 98  0021400216
9 17 86  0021400207
9 1 89  0021400174
9 24 86  0021400165
9 22 93  0021400150
9 15 88  0021400136
9 21 96  0021400129
9 30 103  0021400109
9 5 91  0021400101
9 29 96  0021400091
9 17 98  0021400076
9 20 98  0021400061
9 3 90  0021400033
9 18 91  0021400017
9 8 79  0021400011
10 8 133  0021401229
10 15 111  0021401212
10 18 110  0021401192
10 25 116  0021401174
10 19 100  0021401156
10 27 92  0021401150
10 7 123  0021401142
10 24 107  0021401126
10 13 110  0021401111
10 17 108  0021401089
10 15 107  0021401082
10 25 122  0021401059
10 30 107  0021401053
10 29 106  0021401036
10 19 112  0021401030
10 1 114  0021401014
10 14 108  0021400999
10 20 125  0021400981
10 8 103  0021400973
10 9 105  0021400960
10 24 98  0021400944
10 13 106  0021400932
10 7 104  0021400922
10 17 102  0021400907
10 3 108  0021400886
10 2 106  0021400880
10 28 113  0021400861
10 6 99  0021400854
10 30 114  0021400838
10 12 98  0021400824
10 27 110  0021400814
10 18 94  0021400793
10 23 89  0021400775
10 20 106  0021400760
10 1 116  0021400749
10 7 128  0021400741
10 26 121  0021400730
10 24 106  0021400715
10 29 100  0021400703
10 5 111  0021400679
10 2 114  0021400665
10 26 126  0021400651
10 11 126  0021400636
10 8 122  0021400615
10 11 131  0021400603
10 21 115  0021400593
10 16 104  0021400582
10 29 116  0021400571
10 6 112  0021400547
10 12 117  0021400533
10 21 117  0021400518
10 28 126  0021400493
10 23 126  0021400474
10 18 110  0021400452
10 13 86  0021400431
10 14 105  0021400426
10 26 128  0021400415
10 21 114  0021400382
10 15 98  0021400365
10 19 128  0021400348
10 7 105  0021400340
10 11 105  0021400324
10 18 102  0021400305
10 5 112  0021400289
10 19 112  0021400275
10 22 98  0021400262
10 9 104  0021400243
10 4 106  0021400224
10 22 111  0021400212
10 16 114  0021400206
10 21 91  0021400196
10 29 101  0021400182
10 14 136  0021400145
10 4 112  0021400140
10 3 107  0021400121
10 27 100  0021400108
10 24 95  0021400095
10 11 98  0021400087
10 13 121  0021400068
10 25 95  0021400042
10 14 127  0021400038
10 26 95  0021400014
11 29 117  0021401219
11 4 100  0021401202
11 19 121  0021401199
11 27 103  0021401181
11 27 98  0021401168
11 21 115  0021401147
11 7 108  0021401125
11 26 115  0021401117
11 28 96  0021401104
11 30 99  0021401097
11 18 120  0021401081
11 19 95  0021401068
11 12 110  0021401048
11 24 102  0021401034
11 8 118  0021401017
11 22 107  0021401002
11 13 100  0021400983
11 29 91  0021400965
11 25 100  0021400961
11 8 114  0021400930
11 9 103  0021400917
11 15 100  0021400901
11 1 96  0021400892
11 6 105  0021400883
11 3 102  0021400863
11 13 110  0021400846
11 18 113  0021400832
11 28 98  0021400819
11 7 100  0021400810
11 13 95  0021400799
11 24 127  0021400784
11 25 98  0021400771
11 17 117  0021400753
11 5 101  0021400735
11 9 101  0021400709
11 2 93  0021400698
11 7 99  0021400685
11 14 99  0021400667
11 24 113  0021400650
11 10 113  0021400636
11 12 110  0021400617
11 10 106  0021400603
11 21 112  0021400584
11 22 113  0021400575
11 3 113  0021400564
11 29 97  0021400555
11 20 120  0021400536
11 6 105  0021400523
11 5 105  0021400512
11 16 115  0021400497
11 19 83  0021400488
11 4 102  0021400478
11 30 103  0021400463
11 27 106  0021400454
11 15 117  0021400436
11 25 110  0021400411
11 1 97  0021400396
11 19 90  0021400380
11 8 115  0021400378
11 8 108  0021400346
11 26 113  0021400327
11 10 93  0021400324
11 24 100  0021400290
11 18 114  0021400283
11 15 105  0021400268
11 17 117  0021400240
11 13 85  0021400228
11 26 102  0021400217
11 20 91  0021400202
11 7 95  0021400188
11 14 92  0021400169
11 15 93  0021400151
11 21 69  0021400144
11 23 88  0021400127
11 18 113  0021400117
11 10 87  0021400087
11 27 98  0021400069
11 16 108  0021400050
11 23 104  0021400043
11 2 104  0021400034
11 29 104  0021400012
11 14 108  0021400003
12 15 83  0021401220
12 30 99  0021401215
12 21 116  0021401197
12 9 107  0021401179
12 20 102  0021401165
12 16 112  0021401149
12 4 93  0021401127
12 2 87  0021401115
12 3 106  0021401108
12 7 104  0021401099
12 17 107  0021401073
12 30 103  0021401063
12 11 100  0021401048
12 3 111  0021401032
12 6 92  0021401023
12 5 86  0021401009
12 28 98  0021400990
12 2 89  0021400976
12 17 109  0021400962
12 22 118  0021400946
12 20 92  0021400926
12 5 98  0021400912
12 20 105  0021400896
12 23 94  0021400881
12 6 93  0021400856
12 21 92  0021400840
12 10 104  0021400824
12 23 106  0021400804
12 19 106  0021400794
12 27 93  0021400774
12 4 103  0021400768
12 6 103  0021400747
12 9 114  0021400731
12 26 94  0021400705
12 20 103  0021400694
12 28 91  0021400675
12 22 106  0021400662
12 16 87  0021400644
12 1 91  0021400628
12 11 98  0021400617
12 4 71  0021400600
12 9 96  0021400587
12 18 101  0021400567
12 23 92  0021400552
12 2 107  0021400538
12 10 102  0021400533
12 29 105  0021400516
12 14 87  0021400508
12 17 94  0021400490
12 16 106  0021400476
12 5 90  0021400460
12 3 110  0021400448
12 9 109  0021400435
12 19 96  0021400417
12 18 100  0021400407
12 8 73  0021400398
12 13 100  0021400377
12 14 110  0021400356
12 25 85  0021400342
12 28 94  0021400333
12 13 96  0021400317
12 1 92  0021400301
12 26 101  0021400287
12 25 82  0021400274
12 24 99  0021400260
12 6 97  0021400238
12 22 98  0021400230
12 27 100  0021400220
12 7 111  0021400203
12 24 83  0021400184
12 4 88  0021400160
12 5 99  0021400135
12 8 87  0021400122
12 16 81  0021400112
12 29 97  0021400099
12 30 90  0021400083
12 2 98  0021400074
12 30 94  0021400063
12 17 81  0021400049
12 1 92  0021400032
12 15 89  0021400021
12 23 103  0021400005
13 24 112  0021401216
13 8 110  0021401213
13 15 94  0021401190
13 14 105  0021401159
13 14 106  0021401153
13 8 107  0021401144
13 25 126  0021401122
13 10 106  0021401111
13 2 119  0021401095
13 23 119  0021401075
13 20 111  0021401061
13 19 107  0021401040
13 30 113  0021401031
13 26 116  0021401013
13 4 99  0021401004
13 11 98  0021400983
13 7 99  0021400972
13 21 120  0021400957
13 18 89  0021400945
13 10 98  0021400932
13 25 93  0021400908
13 18 110  0021400888
13 5 96  0021400877
13 15 97  0021400864
13 11 105  0021400846
13 15 87  0021400837
13 26 126  0021400820
13 27 119  0021400802
13 11 110  0021400799
13 7 115  0021400781
13 21 108  0021400765
13 28 107  0021400752
13 6 94  0021400743
13 3 100  0021400720
13 27 105  0021400714
13 19 103  0021400701
13 29 94  0021400690
13 8 102  0021400674
13 24 120  0021400659
13 3 123  0021400640
13 2 102  0021400614
13 26 117  0021400607
13 6 121  0021400599
13 25 100  0021400583
13 16 90  0021400559
13 7 120  0021400550
13 14 114  0021400534
13 1 98  0021400519
13 23 127  0021400502
13 20 99  0021400477
13 29 101  0021400464
13 28 98  0021400443
13 10 100  0021400431
13 1 104  0021400420
13 27 118  0021400414
13 17 106  0021400399
13 8 106  0021400391
13 12 102  0021400377
13 9 113  0021400362
13 17 106  0021400344
13 30 96  0021400329
13 12 103  0021400317
13 24 121  0021400307
13 19 120  0021400293
13 22 114  0021400272
13 18 127  0021400252
13 29 112  0021400239
13 11 102  0021400228
13 9 104  0021400216
13 4 113  0021400198
13 15 91  0021400193
13 16 110  0021400170
13 22 114  0021400161
13 5 89  0021400154
13 24 120  0021400141
13 27 85  0021400102
13 25 106  0021400082
13 10 104  0021400068
13 29 107  0021400048
13 26 92  0021400039
13 14 118  0021400026
13 21 93  0021400020
14 26 99  0021401230
14 26 92  0021401211
14 7 106  0021401201
14 18 106  0021401186
14 8 101  0021401169
14 13 100  0021401159
14 13 78  0021401153
14 25 77  0021401136
14 19 92  0021401123
14 23 113  0021401102
14 3 99  0021401093
14 28 83  0021401080
14 18 101  0021401067
14 21 117  0021401056
14 23 101  0021401047
14 29 73  0021401019
14 10 105  0021400999
14 1 86  0021400989
14 20 94  0021400966
14 9 93  0021400951
14 7 93  0021400937
14 15 90  0021400918
14 16 94  0021400905
14 4 103  0021400890
14 21 101  0021400878
14 17 101  0021400868
14 29 100  0021400851
14 2 118  0021400829
14 3 105  0021400815
14 25 86  0021400798
14 8 96  0021400787
14 6 105  0021400766
14 22 97  0021400748
14 17 105  0021400736
14 20 80  0021400717
14 5 123  0021400695
14 30 92  0021400680
14 11 87  0021400667
14 27 85  0021400648
14 19 80  0021400632
14 24 100  0021400622
14 29 85  0021400597
14 6 102  0021400586
14 16 75  0021400573
14 25 94  0021400562
14 22 101  0021400548
14 13 89  0021400534
14 25 94  0021400517
14 12 88  0021400508
14 15 106  0021400494
14 8 111  0021400471
14 24 107  0021400458
14 7 98  0021400439
14 5 93  0021400430
14 10 115  0021400426
14 26 101  0021400402
14 21 103  0021400392
14 12 91  0021400356
14 18 100  0021400351
14 27 112  0021400339
14 26 98  0021400315
14 19 87  0021400300
14 2 96  0021400279
14 30 95  0021400264
14 9 106  0021400255
14 28 129  0021400248
14 18 119  0021400234
14 15 93  0021400222
14 8 94  0021400197
14 7 106  0021400180
14 11 98  0021400169
14 1 114  0021400155
14 10 115  0021400145
14 27 80  0021400131
14 19 102  0021400114
14 15 102  0021400104
14 4 107  0021400097
14 24 106  0021400056
14 10 104  0021400038
14 13 111  0021400026
14 24 99  0021400013
14 11 90  0021400003
15 12 95  0021401220
15 10 107  0021401212
15 13 86  0021401190
15 29 89  0021401185
15 19 110  0021401166
15 30 83  0021401141
15 21 100  0021401132
15 26 97  0021401105
15 27 89  0021401098
15 10 84  0021401082
15 6 89  0021401066
15 20 103  0021401050
15 25 97  0021401035
15 7 112  0021401027
15 9 95  0021401000
15 8 92  0021400993
15 17 96  0021400979
15 30 87  0021400963
15 2 92  0021400954
15 5 101  0021400941
15 19 89  0021400923
15 14 97  0021400918
15 11 102  0021400901
15 29 82  0021400894
15 18 101  0021400873
15 13 79  0021400864
15 26 90  0021400852
15 13 90  0021400837
15 25 98  0021400828
15 21 89  0021400795
15 3 95  0021400786
15 1 94  0021400767
15 18 89  0021400754
15 29 100  0021400740
15 24 102  0021400725
15 21 85  0021400710
15 8 99  0021400693
15 7 109  0021400678
15 22 103  0021400670
15 23 101  0021400654
15 28 92  0021400630
15 7 95  0021400616
15 25 102  0021400604
15 22 106  0021400588
15 3 103  0021400576
15 24 122  0021400560
15 19 95  0021400541
15 1 86  0021400526
15 20 105  0021400513
15 8 85  0021400500
15 14 109  0021400494
15 27 95  0021400468
15 16 103  0021400446
15 11 111  0021400436
15 29 91  0021400412
15 6 91  0021400401
15 5 97  0021400389
15 27 117  0021400375
15 10 105  0021400365
15 23 120  0021400345
15 4 113  0021400334
15 7 114  0021400310
15 16 103  0021400296
15 27 101  0021400282
15 11 96  0021400268
15 26 97  0021400244
15 25 112  0021400233
15 14 99  0021400222
15 13 107  0021400193
15 2 117  0021400176
15 28 92  0021400166
15 11 119  0021400151
15 9 95  0021400136
15 26 111  0021400118
15 14 107  0021400104
15 17 92  0021400088
15 21 91  0021400078
15 24 102  0021400065
15 19 93  0021400045
15 4 71  0021400028
15 12 97  0021400021
15 18 105  0021400009
16 23 105  0021401227
16 22 100  0021401207
16 28 104  0021401188
16 5 78  0021401173
16 4 105  0021401155
16 12 89  0021401149
16 9 98  0021401139
16 6 88  0021401124
16 27 81  0021401110
16 9 109  0021401096
16 1 86  0021401077
16 2 93  0021401064
16 17 88  0021401055
16 21 75  0021401038
16 8 108  0021401024
16 25 108  0021401007
16 6 106  0021400995
16 28 92  0021400970
16 3 104  0021400955
16 2 90  0021400940
16 26 114  0021400925
16 30 97  0021400920
16 14 100  0021400905
16 24 115  0021400887
16 1 91  0021400871
16 19 102  0021400865
16 22 93  0021400842
16 23 119  0021400830
16 19 91  0021400817
16 20 111  0021400807
16 6 93  0021400796
16 20 109  0021400777
16 27 85  0021400757
16 18 101  0021400737
16 9 91  0021400727
16 2 83  0021400716
16 7 72  0021400702
16 17 102  0021400677
16 5 96  0021400657
16 12 89  0021400644
16 4 76  0021400625
16 21 86  0021400623
16 26 95  0021400598
16 10 89  0021400582
16 14 78  0021400573
16 13 104  0021400559
16 25 83  0021400537
16 3 88  0021400505
16 11 79  0021400497
16 12 95  0021400476
16 22 101  0021400462
16 15 95  0021400446
16 6 101  0021400429
16 23 87  0021400422
16 2 100  0021400404
16 30 103  0021400388
16 29 87  0021400373
16 3 95  0021400364
16 5 75  0021400349
16 29 100  0021400338
16 8 82  0021400325
16 24 103  0021400313
16 15 87  0021400296
16 17 85  0021400285
16 1 102  0021400267
16 30 86  0021400250
16 20 86  0021400245
16 10 97  0021400206
16 4 94  0021400195
16 22 99  0021400185
16 13 93  0021400170
16 3 95  0021400149
16 17 84  0021400143
16 1 103  0021400124
16 12 75  0021400112
16 7 105  0021400094
16 18 102  0021400085
16 4 89  0021400057
16 11 91  0021400050
16 28 107  0021400040
16 23 114  0021400030
16 30 107  0021400007
17 2 100  0021401221
17 23 107  0021401204
17 3 96  0021401193
17 20 99  0021401180
17 6 99  0021401167
17 22 90  0021401143
17 2 110  0021401129
17 5 95  0021401118
17 1 88  0021401103
17 10 95  0021401089
17 12 111  0021401073
17 16 89  0021401055
17 6 90  0021401037
17 3 127  0021401022
17 27 103  0021401010
17 19 84  0021401003
17 15 83  0021400979
17 12 103  0021400962
17 22 97  0021400956
17 19 103  0021400942
17 30 91  0021400929
17 10 93  0021400907
17 8 95  0021400895
17 29 75  0021400876
17 14 93  0021400868
17 23 104  0021400847
17 5 71  0021400831
17 1 86  0021400822
17 8 89  0021400811
17 26 111  0021400792
17 3 103  0021400778
17 2 96  0021400763
17 11 111  0021400753
17 14 113  0021400736
17 28 82  0021400721
17 25 95  0021400712
17 22 115  0021400692
17 16 109  0021400677
17 27 95  0021400663
17 9 101  0021400653
17 29 99  0021400638
17 28 89  0021400619
17 20 95  0021400585
17 5 87  0021400554
17 18 98  0021400544
17 23 97  0021400524
17 24 96  0021400520
17 20 95  0021400506
17 12 91  0021400490
17 6 96  0021400479
17 4 104  0021400459
17 1 85  0021400449
17 1 107  0021400434
17 4 101  0021400423
17 13 102  0021400399
17 26 108  0021400381
17 25 97  0021400376
17 24 96  0021400360
17 13 111  0021400344
17 21 101  0021400312
17 7 102  0021400298
17 16 109  0021400285
17 7 105  0021400269
17 6 108  0021400253
17 11 103  0021400240
17 9 104  0021400226
17 18 103  0021400218
17 9 98  0021400207
17 30 100  0021400190
17 28 82  0021400175
17 3 122  0021400164
17 20 117  0021400156
17 16 91  0021400143
17 22 85  0021400123
17 21 85  0021400105
17 15 93  0021400088
17 9 95  0021400076
17 5 86  0021400062
17 12 87  0021400049
17 30 97  0021400031
17 23 93  0021400023
17 4 106  0021400004
18 21 113  0021401222
18 19 88  0021401208
18 10 101  0021401192
18 14 98  0021401186
18 25 91  0021401172
18 26 111  0021401158
18 22 84  0021401133
18 28 99  0021401119
18 29 84  0021401106
18 19 88  0021401094
18 11 110  0021401081
18 14 99  0021401067
18 29 106  0021401052
18 4 98  0021401045
18 20 95  0021401016
18 28 100  0021401008
18 3 106  0021400994
18 27 97  0021400986
18 21 99  0021400971
18 24 97  0021400959
18 13 76  0021400945
18 25 121  0021400928
18 8 85  0021400902
18 13 105  0021400888
18 15 97  0021400873
18 5 89  0021400862
18 30 97  0021400848
18 11 102  0021400832
18 24 111  0021400808
18 10 91  0021400793
18 1 105  0021400779
18 9 112  0021400769
18 15 90  0021400754
18 16 102  0021400737
18 7 94  0021400724
18 6 90  0021400711
18 23 94  0021400696
18 2 110  0021400686
18 21 84  0021400672
18 1 100  0021400661
18 19 84  0021400647
18 7 75  0021400631
18 4 80  0021400611
18 8 113  0021400606
18 24 99  0021400596
18 12 110  0021400567
18 27 93  0021400556
18 17 84  0021400544
18 24 111  0021400531
18 8 101  0021400514
18 29 89  0021400498
18 26 107  0021400483
18 29 94  0021400472
18 10 97  0021400452
18 8 102  0021400440
18 6 104  0021400416
18 12 96  0021400407
18 2 98  0021400385
18 30 95  0021400363
18 14 94  0021400351
18 21 92  0021400335
18 25 90  0021400321
18 10 86  0021400305
18 27 101  0021400291
18 11 112  0021400283
18 23 77  0021400270
18 13 101  0021400252
18 25 93  0021400247
18 14 120  0021400234
18 17 86  0021400218
18 26 101  0021400189
18 27 92  0021400177
18 20 115  0021400167
18 7 117  0021400137
18 19 91  0021400128
18 11 101  0021400117
18 16 92  0021400085
18 22 103  0021400072
18 3 98  0021400060
18 5 105  0021400035
18 9 97  0021400017
18 15 101  0021400009
19 27 108  0021401223
19 18 100  0021401208
19 11 114  0021401199
19 24 90  0021401182
19 15 74  0021401166
19 10 103  0021401156
19 25 90  0021401146
19 26 101  0021401135
19 14 113  0021401123
19 18 110  0021401094
19 26 102  0021401083
19 11 93  0021401068
19 13 100  0021401040
19 10 96  0021401030
19 24 72  0021401018
19 17 85  0021401003
19 8 111  0021400984
19 3 111  0021400947
19 17 114  0021400942
19 15 95  0021400923
19 2 98  0021400919
19 9 88  0021400903
19 7 93  0021400889
19 8 99  0021400884
19 16 104  0021400865
19 3 102  0021400849
19 28 100  0021400833
19 16 105  0021400817
19 22 84  0021400803
19 12 93  0021400794
19 29 96  0021400780
19 5 72  0021400758
19 21 116  0021400755
19 21 91  0021400738
19 1 115  0021400722
19 13 108  0021400701
19 8 85  0021400687
19 23 99  0021400671
19 7 109  0021400660
19 18 92  0021400647
19 14 96  0021400632
19 20 92  0021400618
19 28 95  0021400608
19 23 81  0021400589
19 9 105  0021400577
19 2 100  0021400563
19 15 106  0021400541
19 4 94  0021400522
19 30 85  0021400515
19 11 111  0021400488
19 27 93  0021400481
19 24 110  0021400469
19 5 100  0021400447
19 27 97  0021400437
19 12 84  0021400417
19 21 101  0021400408
19 25 88  0021400394
19 11 99  0021400380
19 29 119  0021400366
19 10 122  0021400348
19 6 119  0021400336
19 7 107  0021400323
19 20 104  0021400311
19 14 104  0021400300
19 13 100  0021400293
19 10 85  0021400275
19 21 112  0021400258
19 30 80  0021400236
19 1 91  0021400225
19 26 89  0021400208
19 29 106  0021400192
19 8 97  0021400181
19 26 106  0021400158
19 25 93  0021400153
19 18 139  0021400128
19 14 109  0021400114
19 6 111  0021400098
19 27 100  0021400089
19 4 100  0021400054
19 15 81  0021400045
19 7 104  0021400027
19 22 101  0021400001
20 9 90  0021401226
20 1 112  0021401205
20 22 80  0021401187
20 17 91  0021401180
20 12 86  0021401165
20 23 101  0021401151
20 30 87  0021401128
20 3 98  0021401116
20 5 80  0021401088
20 2 92  0021401079
20 13 80  0021401061
20 15 82  0021401050
20 28 89  0021401041
20 23 81  0021401021
20 18 92  0021401016
20 27 104  0021401001
20 24 89  0021400988
20 10 94  0021400981
20 14 101  0021400966
20 29 82  0021400950
20 8 78  0021400943
20 12 86  0021400926
20 12 82  0021400896
20 26 86  0021400669
20 28 103  0021400872
20 9 121  0021400860
20 2 94  0021400844
20 6 83  0021400821
20 16 87  0021400807
20 22 83  0021400788
20 16 95  0021400777
20 10 92  0021400760
20 3 88  0021400746
20 2 97  0021400728
20 14 92  0021400717
20 12 82  0021400694
20 21 100  0021400688
20 4 71  0021400652
20 22 113  0021400645
20 23 98  0021400627
20 19 99  0021400618
20 17 79  0021400585
20 4 82  0021400549
20 11 96  0021400536
20 30 91  0021400525
20 15 83  0021400513
20 17 82  0021400506
20 9 81  0021400487
20 13 78  0021400477
20 25 79  0021400456
20 26 129  0021400451
20 30 91  0021400427
20 28 108  0021400400
20 24 90  0021400393
20 5 97  0021400379
20 7 87  0021400367
20 28 90  0021400353
20 2 101  0021400331
20 27 95  0021400322
20 19 93  0021400311
20 25 99  0021400299
20 4 102  0021400276
20 6 87  0021400273
20 3 93  0021400256
20 16 79  0021400245
20 21 78  0021400229
20 7 102  0021400214
20 11 86  0021400202
20 23 91  0021400187
20 18 99  0021400167
20 17 113  0021400156
20 8 109  0021400142
20 29 100  0021400126
20 22 95  0021400113
20 1 85  0021400100
20 1 96  0021400084
20 3 99  0021400075
20 9 95  0021400061
20 30 83  0021400051
20 4 96  0021400041
20 6 95  0021400018
20 5 80  0021400010
21 18 138  0021401222
21 25 101  0021401209
21 12 104  0021401197
21 26 116  0021401183
21 27 88  0021401157
21 11 112  0021401147
21 15 92  0021401132
21 7 131  0021401120
21 24 109  0021401100
21 29 89  0021401090
21 27 91  0021401071
21 14 127  0021401056
21 16 93  0021401038
21 1 123  0021401026
21 2 122  0021401011
21 7 115  0021400996
21 5 109  0021400982
21 18 113  0021400971
21 13 108  0021400957
21 28 108  0021400936
21 5 105  0021400909
21 23 123  0021400904
21 14 108  0021400878
21 25 112  0021400869
21 24 113  0021400855
21 12 105  0021400840
21 8 119  0021400826
21 4 110  0021400816
21 7 104  0021400801
21 15 105  0021400795
21 8 124  0021400782
21 13 131  0021400765
21 19 113  0021400755
21 19 102  0021400738
21 22 104  0021400723
21 15 74  0021400710
21 20 92  0021400688
21 18 92  0021400672
21 6 98  0021400658
21 1 93  0021400642
21 30 105  0021400633
21 16 94  0021400623
21 22 127  0021400609
21 10 127  0021400593
21 11 101  0021400584
21 29 99  0021400542
21 26 83  0021400532
21 10 91  0021400518
21 30 109  0021400489
21 24 137  0021400480
21 7 107  0021400455
21 4 98  0021400438
21 27 114  0021400428
21 25 111  0021400424
21 19 99  0021400408
21 14 104  0021400392
21 10 109  0021400382
21 26 104  0021400368
21 24 112  0021400352
21 18 111  0021400335
21 6 103  0021400326
21 17 114  0021400312
21 9 96  0021400297
21 23 103  0021400277
21 19 104  0021400258
21 20 105  0021400229
21 29 97  0021400219
21 10 86  0021400196
21 3 92  0021400178
21 8 100  0021400168
21 29 81  0021400157
21 11 65  0021400144
21 9 89  0021400129
21 2 109  0021400111
21 17 78  0021400105
21 26 101  0021400092
21 15 89  0021400078
21 28 88  0021400052
21 3 85  0021400044
21 8 102  0021400036
21 13 90  0021400020
21 25 89  0021400015
22 3 88  0021401224
22 16 93  0021401207
22 20 79  0021401187
22 28 99  0021401175
22 5 105  0021401161
22 17 97  0021401143
22 18 97  0021401133
22 27 91  0021401113
22 9 97  0021401074
22 1 83  0021401062
22 8 100  0021401044
22 25 111  0021401020
22 7 102  0021401012
22 11 94  0021401002
22 6 108  0021400985
22 2 88  0021400969
22 17 91  0021400956
22 12 86  0021400946
22 2 103  0021400935
22 26 119  0021400913
22 24 100  0021400897
22 4 83  0021400882
22 1 88  0021400858
22 16 90  0021400842
22 23 103  0021400825
22 19 95  0021400803
22 20 89  0021400788
22 30 80  0021400776
22 5 97  0021400770
22 14 103  0021400748
22 27 103  0021400739
22 21 97  0021400723
22 7 93  0021400706
22 17 100  0021400692
22 15 94  0021400670
22 12 99  0021400662
22 20 106  0021400645
22 9 118  0021400629
22 21 99  0021400609
22 15 96  0021400588
22 11 120  0021400575
22 5 121  0021400566
22 25 92  0021400557
22 14 84  0021400548
22 8 90  0021400530
22 4 90  0021400495
22 3 98  0021400485
22 9 86  0021400465
22 16 102  0021400462
22 4 102  0021400444
22 6 89  0021400433
22 2 100  0021400418
22 23 88  0021400405
22 29 94  0021400383
22 2 92  0021400371
22 28 82  0021400359
22 1 100  0021400343
22 1 81  0021400330
22 30 89  0021400318
22 26 105  0021400292
22 29 98  0021400286
22 13 86  0021400272
22 10 97  0021400262
22 24 93  0021400246
22 12 83  0021400230
22 10 96  0021400212
22 6 74  0021400199
22 16 92  0021400185
22 4 105  0021400172
22 13 90  0021400161
22 9 107  0021400150
22 30 93  0021400132
22 17 101  0021400123
22 20 97  0021400113
22 28 100  0021400103
22 3 96  0021400090
22 18 112  0021400072
22 23 91  0021400058
22 5 90  0021400053
22 28 95  0021400029
22 30 98  0021400016
22 19 84  0021400001
23 16 101  0021401227
23 17 97  0021401204
23 5 107  0021401189
23 30 90  0021401162
23 20 91  0021401151
23 4 91  0021401137
23 30 93  0021401114
23 14 111  0021401102
23 6 86  0021401092
23 13 98  0021401075
23 8 99  0021401069
23 26 106  0021401058
23 14 87  0021401047
23 20 97  0021401021
23 9 94  0021401006
23 2 89  0021400992
23 3 87  0021400978
23 26 114  0021400968
23 5 95  0021400953
23 1 92  0021400927
23 29 83  0021400914
23 21 118  0021400904
23 28 103  0021400885
23 12 74  0021400881
23 30 89  0021400857
23 17 88  0021400847
23 16 108  0021400830
23 22 98  0021400825
23 12 95  0021400804
23 10 84  0021400775
23 4 89  0021400761
23 2 96  0021400750
23 8 105  0021400726
23 6 84  0021400718
23 1 85  0021400708
23 18 103  0021400696
23 9 89  0021400682
23 19 74  0021400671
23 15 83  0021400654
23 28 86  0021400641
23 20 91  0021400627
23 30 76  0021400612
23 9 89  0021400601
23 19 96  0021400589
23 28 84  0021400578
23 1 87  0021400568
23 12 93  0021400552
23 3 90  0021400539
23 17 77  0021400524
23 6 95  0021400509
23 13 91  0021400502
23 24 96  0021400491
23 10 86  0021400474
23 29 71  0021400450
23 25 93  0021400441
23 16 91  0021400422
23 22 96  0021400405
23 4 91  0021400384
23 2 87  0021400357
23 15 115  0021400345
23 3 70  0021400332
23 1 79  0021400319
23 9 108  0021400288
23 21 91  0021400277
23 18 85  0021400270
23 27 103  0021400249
23 7 103  0021400235
23 3 91  0021400213
23 25 104  0021400200
23 20 83  0021400187
23 24 96  0021400173
23 2 90  0021400162
23 27 75  0021400152
23 11 87  0021400127
23 7 70  0021400120
23 28 88  0021400093
23 5 115  0021400073
23 22 89  0021400058
23 11 93  0021400043
23 16 96  0021400030
23 17 81  0021400023
23 12 91  0021400005
24 13 101  0021401216
24 27 91  0021401200
24 19 75  0021401182
24 7 104  0021401171
24 1 69  0021401154
24 29 87  0021401145
24 10 106  0021401126
24 25 86  0021401107
24 21 97  0021401100
24 25 81  0021401086
24 26 99  0021401072
24 7 98  0021401046
24 11 117  0021401034
24 19 74  0021401018
24 20 102  0021400988
24 1 87  0021400974
24 18 106  0021400959
24 10 80  0021400944
24 6 79  0021400924
24 3 108  0021400916
24 22 105  0021400897
24 16 98  0021400887
24 27 74  0021400875
24 21 117  0021400855
24 8 110  0021400850
24 2 110  0021400835
24 5 107  0021400818
24 18 109  0021400808
24 11 118  0021400784
24 26 83  0021400773
24 29 100  0021400756
24 25 87  0021400745
24 15 101  0021400725
24 10 87  0021400715
24 5 99  0021400704
24 30 106  0021400691
24 13 100  0021400659
24 11 111  0021400650
24 25 118  0021400634
24 14 115  0021400622
24 18 110  0021400596
24 6 107  0021400570
24 15 110  0021400560
24 27 95  0021400545
24 18 113  0021400531
24 17 102  0021400520
24 28 125  0021400507
24 23 112  0021400491
24 21 134  0021400480
24 19 106  0021400469
24 14 116  0021400458
24 26 115  0021400442
24 7 124  0021400425
24 30 104  0021400406
24 20 99  0021400393
24 4 111  0021400369
24 17 94  0021400360
24 21 88  0021400352
24 9 103  0021400337
24 16 97  0021400313
24 13 120  0021400307
24 11 95  0021400290
24 7 118  0021400284
24 12 116  0021400260
24 22 90  0021400246
24 8 97  0021400232
24 8 120  0021400221
24 28 100  0021400201
24 12 106  0021400184
24 23 122  0021400173
24 9 88  0021400165
24 2 118  0021400148
24 13 107  0021400141
24 4 95  0021400130
24 3 112  0021400116
24 10 107  0021400095
24 26 112  0021400079
24 15 91  0021400065
24 14 112  0021400056
24 29 91  0021400037
24 27 94  0021400024
24 14 119  0021400013
25 7 98  0021401218
25 21 90  0021401209
25 29 105  0021401191
25 10 105  0021401174
25 18 116  0021401172
25 3 96  0021400668
25 19 99  0021401146
25 14 107  0021401136
25 13 122  0021401122
25 24 109  0021401107
25 8 120  0021401091
25 24 87  0021401086
25 29 92  0021401070
25 10 108  0021401059
25 15 86  0021401035
25 22 104  0021401020
25 16 104  0021401007
25 30 97  0021400991
25 28 113  0021400987
25 9 118  0021400975
25 11 105  0021400961
25 18 113  0021400928
25 7 94  0021400910
25 13 98  0021400908
25 26 110  0021400879
25 21 115  0021400869
25 27 111  0021400853
25 15 92  0021400828
25 29 76  0021400812
25 14 102  0021400798
25 11 109  0021400771
25 7 101  0021400762
25 24 108  0021400745
25 29 103  0021400729
25 17 88  0021400712
25 1 99  0021400697
25 6 94  0021400681
25 30 103  0021400656
25 2 89  0021400639
25 24 113  0021400634
25 26 98  0021400621
25 15 98  0021400604
25 27 96  0021400595
25 13 94  0021400583
25 14 106  0021400562
25 22 103  0021400557
25 16 99  0021400537
25 14 98  0021400517
25 1 107  0021400501
25 28 102  0021400473
25 20 101  0021400456
25 23 114  0021400441
25 21 115  0021400424
25 11 95  0021400411
25 19 114  0021400394
25 27 129  0021400390
25 17 104  0021400376
25 27 108  0021400361
25 12 95  0021400342
25 5 106  0021400328
25 18 82  0021400321
25 9 98  0021400309
25 20 103  0021400299
25 12 88  0021400274
25 8 105  0021400259
25 18 107  0021400247
25 15 99  0021400233
25 4 105  0021400210
25 23 114  0021400200
25 2 94  0021400194
25 5 105  0021400183
25 19 102  0021400153
25 3 97  0021400138
25 8 130  0021400115
25 4 102  0021400107
25 8 116  0021400096
25 13 102  0021400082
25 7 108  0021400070
25 6 101  0021400055
25 10 90  0021400042
25 26 94  0021400025
25 21 106  0021400015
26 14 122  0021401230
26 14 102  0021401211
26 8 111  0021401196
26 21 103  0021401183
26 29 91  0021401170
26 18 116  0021401158
26 29 95  0021401152
26 19 95  0021401135
26 11 111  0021401117
26 15 83  0021401105
26 19 88  0021401083
26 24 108  0021401072
26 23 107  0021401058
26 30 109  0021401042
26 4 101  0021401029
26 13 105  0021401013
26 1 103  0021400998
26 30 97  0021400977
26 23 107  0021400968
26 4 113  0021400952
26 1 105  0021400939
26 16 109  0021400925
26 22 114  0021400913
26 27 85  0021400906
26 20 124  0021400669
26 25 99  0021400879
26 27 96  0021400867
26 15 102  0021400852
26 13 99  0021400820
26 2 109  0021400813
26 17 103  0021400792
26 5 86  0021400785
26 24 85  0021400773
26 29 90  0021400764
26 7 78  0021400744
26 10 96  0021400730
26 12 99  0021400705
26 6 90  0021400700
26 28 102  0021400684
26 10 101  0021400651
26 3 100  0021400635
26 25 94  0021400621
26 13 108  0021400607
26 16 83  0021400598
26 7 104  0021400572
26 6 103  0021400561
26 8 108  0021400546
26 21 104  0021400532
26 9 95  0021400504
26 18 110  0021400483
26 2 84  0021400475
26 3 99  0021400461
26 20 135  0021400451
26 24 106  0021400442
26 10 108  0021400415
26 14 108  0021400402
26 17 107  0021400381
26 21 92  0021400368
26 9 90  0021400347
26 11 109  0021400327
26 14 95  0021400315
26 29 101  0021400306
26 22 96  0021400292
26 12 102  0021400287
26 28 109  0021400261
26 15 85  0021400244
26 27 104  0021400231
26 11 89  0021400217
26 19 99  0021400208
26 18 113  0021400189
26 5 103  0021400171
26 19 100  0021400158
26 27 94  0021400139
26 15 110  0021400118
26 7 98  0021400106
26 21 93  0021400092
26 24 114  0021400079
26 8 131  0021400067
26 8 110  0021400047
26 13 98  0021400039
26 25 103  0021400025
26 10 77  0021400014
27 19 103  0021401223
27 24 107  0021401200
27 11 104  0021401181
27 11 110  0021401168
27 21 113  0021401157
27 10 107  0021401150
27 8 123  0021401134
27 22 103  0021401113
27 16 95  0021401110
27 15 103  0021401098
27 7 94  0021401084
27 21 130  0021401071
27 7 94  0021401057
27 1 114  0021401039
27 2 101  0021401028
27 17 114  0021401010
27 20 100  0021401001
27 18 123  0021400986
27 6 125  0021400964
27 28 117  0021400949
27 5 116  0021400931
27 8 120  0021400921
27 26 112  0021400906
27 24 101  0021400875
27 26 107  0021400867
27 25 95  0021400853
27 29 81  0021400836
27 10 99  0021400814
27 13 115  0021400802
27 9 104  0021400790
27 12 95  0021400774
27 28 82  0021400772
27 16 98  0021400757
27 22 110  0021400739
27 13 85  0021400714
27 4 95  0021400689
27 17 101  0021400663
27 14 99  0021400648
27 5 81  0021400637
27 8 109  0021400624
27 29 89  0021400610
27 25 110  0021400595
27 4 98  0021400574
27 30 93  0021400569
27 18 108  0021400556
27 24 100  0021400545
27 9 104  0021400521
27 30 101  0021400499
27 19 95  0021400481
27 15 87  0021400468
27 11 110  0021400454
27 19 90  0021400437
27 21 106  0021400428
27 13 125  0021400414
27 7 93  0021400397
27 25 119  0021400390
27 15 116  0021400375
27 25 95  0021400361
27 8 99  0021400354
27 14 110  0021400339
27 20 109  0021400322
27 29 96  0021400314
27 18 123  0021400291
27 15 107  0021400282
27 3 93  0021400266
27 23 109  0021400249
27 2 111  0021400241
27 26 112  0021400231
27 12 106  0021400220
27 3 99  0021400191
27 18 121  0021400177
27 6 92  0021400159
27 23 100  0021400152
27 26 91  0021400139
27 14 93  0021400131
27 10 113  0021400108
27 13 89  0021400102
27 19 99  0021400089
27 11 81  0021400069
27 1 94  0021400064
27 24 89  0021400024
27 7 101  0021400002
28 4 92  0021401228
28 2 93  0021401214
28 16 107  0021401188
28 22 101  0021401175
28 4 92  0021401160
28 2 116  0021401140
28 3 109  0021401130
28 18 113  0021401119
28 11 99  0021401104
28 14 94  0021401080
28 5 103  0021401065
28 9 104  0021401054
28 20 106  0021401041
28 5 92  0021401025
28 18 105  0021401008
28 12 117  0021400990
28 25 97  0021400987
28 16 102  0021400970
28 27 107  0021400949
28 21 104  0021400936
28 4 94  0021400911
28 6 112  0021400900
28 23 114  0021400885
28 20 98  0021400872
28 10 89  0021400861
28 7 92  0021400841
28 19 97  0021400833
28 11 76  0021400819
28 1 105  0021400805
28 30 95  0021400791
28 27 87  0021400772
28 13 123  0021400752
28 3 93  0021400734
28 17 75  0021400721
28 30 120  0021400707
28 3 127  0021400699
28 26 119  0021400684
28 12 104  0021400675
28 9 114  0021400664
28 23 91  0021400641
28 15 86  0021400630
28 17 92  0021400619
28 19 93  0021400608
28 1 89  0021400592
28 23 100  0021400578
28 9 111  0021400565
28 2 109  0021400553
28 4 95  0021400535
28 24 109  0021400507
28 10 105  0021400493
28 25 97  0021400473
28 8 116  0021400457
28 13 110  0021400443
28 5 120  0021400410
28 20 118  0021400400
28 9 110  0021400387
28 3 105  0021400374
28 22 95  0021400359
28 20 95  0021400353
28 12 106  0021400333
28 6 101  0021400308
28 8 112  0021400304
28 6 91  0021400281
28 29 123  0021400271
28 26 117  0021400261
28 14 122  0021400248
28 7 102  0021400227
28 1 126  0021400215
28 24 104  0021400201
28 6 110  0021400186
28 17 124  0021400175
28 15 96  0021400166
28 29 111  0021400134
28 5 93  0021400119
28 22 104  0021400103
28 23 120  0021400093
28 30 103  0021400077
28 2 110  0021400059
28 21 100  0021400052
28 16 102  0021400040
28 22 108  0021400029
28 1 109  0021400008
29 11 91  0021401219
29 7 109  0021401210
29 25 111  0021401191
29 15 88  0021401185
29 26 103  0021401170
29 26 101  0021401152
29 24 85  0021401145
29 8 98  0021401121
29 18 104  0021401106
29 21 94  0021401090
29 8 91  0021401085
29 25 89  0021401070
29 18 104  0021401052
29 10 91  0021401036
29 14 80  0021401019
29 30 84  0021401015
29 4 94  0021400997
29 9 88  0021400980
29 11 109  0021400965
29 20 87  0021400950
29 3 95  0021400933
29 23 89  0021400914
29 2 84  0021400898
29 15 93  0021400894
29 17 82  0021400876
29 8 104  0021400866
29 14 97  0021400851
29 27 90  0021400836
29 25 92  0021400812
29 7 82  0021400797
29 19 100  0021400780
29 26 102  0021400764
29 24 93  0021400756
29 15 90  0021400740
29 25 102  0021400729
29 10 110  0021400703
29 13 89  0021400690
29 2 90  0021400673
29 3 108  0021400655
29 17 101  0021400638
29 6 92  0021400626
29 27 69  0021400610
29 14 94  0021400597
29 10 105  0021400571
29 11 82  0021400555
29 21 94  0021400542
29 5 97  0021400528
29 12 101  0021400516
29 18 101  0021400498
29 1 92  0021400492
29 18 100  0021400472
29 13 97  0021400464
29 23 88  0021400450
29 15 97  0021400412
29 4 86  0021400395
29 22 101  0021400383
29 16 105  0021400373
29 19 111  0021400366
29 30 84  0021400350
29 16 95  0021400338
29 27 100  0021400314
29 26 92  0021400306
29 22 93  0021400286
29 28 104  0021400271
29 8 101  0021400251
29 13 96  0021400239
29 21 82  0021400219
29 5 95  0021400204
29 19 94  0021400192
29 10 88  0021400182
29 21 98  0021400157
29 28 93  0021400134
29 20 102  0021400126
29 1 97  0021400110
29 12 86  0021400099
29 9 97  0021400091
29 7 82  0021400080
29 6 102  0021400066
29 13 101  0021400048
29 24 118  0021400037
29 7 102  0021400019
29 11 93  0021400012
30 6 108  0021401225
30 12 95  0021401215
30 1 108  0021401198
30 3 80  0021401177
30 23 119  0021401162
30 15 92  0021401141
30 20 101  0021401128
30 23 106  0021401114
30 11 91  0021401097
30 4 110  0021401076
30 12 101  0021401063
30 10 76  0021401053
30 26 86  0021401042
30 13 99  0021401031
30 29 88  0021401015
30 25 105  0021400991
30 26 113  0021400977
30 15 107  0021400963
30 4 95  0021400938
30 17 85  0021400929
30 16 99  0021400920
30 5 92  0021400893
30 9 99  0021400870
30 23 81  0021400857
30 18 77  0021400848
30 10 107  0021400838
30 9 89  0021400823
30 6 89  0021400809
30 28 93  0021400791
30 22 96  0021400776
30 3 114  0021400759
30 4 87  0021400742
30 1 96  0021400732
30 4 88  0021400719
30 28 116  0021400707
30 24 98  0021400691
30 14 98  0021400680
30 8 117  0021400666
30 25 96  0021400656
30 21 103  0021400633
30 23 111  0021400612
30 3 99  0021400605
30 3 80  0021400590
30 5 105  0021400579
30 27 101  0021400569
30 1 89  0021400558
30 5 102  0021400543
30 20 101  0021400525
30 19 92  0021400515
30 27 92  0021400499
30 21 102  0021400489
30 7 87  0021400470
30 11 104  0021400463
30 2 101  0021400445
30 20 102  0021400427
30 5 91  0021400419
30 24 92  0021400406
30 16 105  0021400388
30 18 109  0021400363
30 29 93  0021400350
30 13 104  0021400329
30 22 91  0021400318
30 2 133  0021400302
30 2 93  0021400294
30 8 119  0021400278
30 14 111  0021400264
30 16 107  0021400250
30 19 83  0021400236
30 6 87  0021400211
30 1 102  0021400205
30 17 111  0021400190
30 6 91  0021400179
30 7 102  0021400163
30 22 98  0021400132
30 9 107  0021400109
30 12 97  0021400083
30 28 84  0021400077
30 12 96  0021400063
30 20 98  0021400051
30 17 108  0021400031
30 22 105  0021400016
30 16 95  0021400007
