1 4 85 107
1 16 90 97
1 30 83 98
1 12 102 117
1 27 90 103
1 11 109 120
1 2 88 108
1 22 85 92
1 6 99 101
1 31 98 113
1 23 100 103
1 5 81 100
1 9 104 129
1 16 85 110
1 8 87 92
1 17 110 119
1 25 91 97
1 5 76 95
1 14 87 101
1 20 79 81
1 21 104 119
1 5 83 90
1 8 90 109
1 25 90 102
1 10 95 120
1 24 97 110
1 14 80 85
1 20 90 104
1 9 94 117
1 4 86 100
1 23 83 86
1 30 99 101
1 13 101 112
1 28 100 106
1 7 91 108
1 20 111 124
1 17 90 113
1 4 103 126
1 32 59 69
1 16 93 102
1 26 100 119
1 11 106 119
1 28 104 107
1 12 108 123
1 29 110 113
1 26 108 121
1 13 107 118
1 21 94 100
1 10 103 120
1 17 95 108
1 32 86 96
1 6 98 104
1 22 91 105
1 31 82 103
1 4 90 92
1 2 90 102
1 9 80 101
1 12 97 113
1 27 92 113
1 31 116 141
1 22 80 89
1 16 77 96
1 23 93 116
1 15 112 117
1 28 96 101
1 20 99 123
1 30 116 140
1 31 101 108
1 2 76 91
1 7 93 97
1 12 102 102
1 18 111 117
1 29 86 111
1 17 91 114
1 22 89 99
1 24 114 119
1 18 113 131
1 9 94 104
1 6 100 114
1 30 99 100
1 23 104 113
1 15 119 129
