1 2
100  72
99.29694512757186, 89.48802148812916
1 5
85 91
97.63665054302015, 77.7405579303129
1 16
99 86
97.548426017931, 77.20762334682584
1 23
84 92
97.54842554016041, 77.20762205569976
1 15
88 94
97.54842690352791, 77.20762598250647
1 9
93 82
97.54933046933574, 77.21179344789168
1 29
98 92
97.54842553980635, 77.20762205496007
1 22
87 81
97.54842554079046, 77.20762205705705
1 30
106 102
97.54842553980583, 77.20762205495907
1 12
102  92
97.54845887318149, 77.20774243510762
2 4
116 104
99.0238146394733, 89.19377694029697
2 22
95 88
97.54842554224287, 77.20762206228449
2 24
115 110
97.54842554010455, 77.20762205574837
2 29
99 90
97.54842553980728, 77.20762205496224
2 4
95 104
99.0238146394733, 89.19377694029697
2 23
105  87
97.54842554065611, 77.20762205734704
2 15
100 117
97.54843081278871, 77.20764946359338
2 3
121 105
99.90174809405528, 96.10941924943334
3 6
106  98
98.95957918921067, 89.38240049625887
3 24
100 108
97.54842554082929, 77.20762205976393
3 30
77 114
97.54842553980708, 77.20762205496295
3 15
92 103
97.548468632048, 77.20793453063587
3 8
102  96
97.78136475179875, 79.06269168357628
3 20
98 93
97.54842564305021, 77.2076226841065
3 22
104  96
97.548425549799, 77.20762210912245
4 23
92 91
97.5484255649331, 77.20762223565018
4 26
106 113
97.54842554046554, 77.20762205928702
4 12
102 103
97.57034708518935, 77.38117357680721
4 12
80 71
97.57034708518935, 77.38117357680721
4 21
75 98
97.54842583431834, 77.20762425284742
4 10
101 106
97.79322706735863, 79.18888962319426
4 14
92 107
97.5502297014924, 77.22181304131868
5 9
88 82
99.61096770822917, 96.03260411885785
5 27
105 116
97.54842554184214, 77.20762207046825
5 26
104  86
97.54842554686724, 77.2076221092405
5 6
94 108
100.17788970796978, 100.34928968970058
5 14
113  93
97.57189790449411, 77.39455297716589
5 29
97 95
97.5484255399767, 77.20762205622822
5 18
106 105
97.54858216604318, 77.20886279539786
6 12
95 92
99.05164433989555, 90.59503926842035
6 9
102  93
99.98529767593622, 99.69631066470595
6 25
99 94
97.54842585653503, 77.20762456575753
6 23
92 95
97.54842943505984, 77.20765298685441
6 28
105 101
97.54842554717052, 77.20762211306527
6 8
97 106
100.0456215381833, 100.03381332612784
7 24
107 104
97.54844026231758, 77.20773922418988
7 21
119 115
97.54906227590328, 77.21269127232213
7 13
98 115
99.65050532959737, 96.49539522745322
7 18
98 75
97.5756773927498, 77.42513357558553
7 24
115 124
97.54844026231758, 77.20773922418988
7 23
110 103
97.54847722000248, 77.20803340303075
7 16
96 105
97.84679127921021, 79.64634005394083
8 13
92 107
99.97127072250115, 99.69982793533494
8 19
118 111
97.6486092777192, 78.01256075386969
8 21
94 119
97.55687013451467, 77.27491447930724
8 27
99 109
97.54843006512587, 77.20765808327354
8 12
76 73
99.99566822383414, 99.92328035884248
8 24
122  97
97.54862134059093, 77.20918109605803
8 26
105 110
97.54844142682649, 77.20774854449735
9 15
105  95
99.97233219909992, 99.71921309130136
9 27
87 104
97.54848575215976, 77.20810151149024
9 12
98 96
100.00853895906201, 100.01577204049835
9 26
95 90
97.54863692422464, 77.2093052918994
9 24
86 88
97.55102857348186, 77.22835447398755
10 18
110 101
99.91093933477762, 99.10670279156346
10 29
106  91
97.54849054849609, 77.20813971490664
10 27
110  99
97.54922661788322, 77.21400143104586
10 21
115 127
98.47951483801432, 85.20467953334278
10 26
128 108
97.55123573238785, 77.2300050882716
10 21
91 86
98.47951483801432, 85.20467953334278
11 29
117  91
97.5492904292001, 77.2145096549575
11 12
110 100
100.04010509277708, 100.09748352965673
11 13
95 110
100.01471315501858, 100.03567473472236
11 20
120  96
99.91726210617375, 99.17032916491029
11 18
114 112
99.99316532167133, 99.93075676179676
11 18
113 101
99.99316532167133, 99.93075676179676
12 16
112  89
100.0014468094746, 100.00319608654243
12 23
106  95
99.74991232953337, 97.49432029987955
12 29
105 101
97.55988631702026, 77.29897835480705
12 13
96 103
100.0307461445899, 100.07474891694278
12 30
94 96
97.55170082915654, 77.23371074585816
13 20
111  80
99.99957094320739, 99.99528477255916
13 26
126  99
99.33861469051617, 93.40621012168941
13 16
90 104
100.003126717565, 100.00757815115523
13 24
121 120
99.92867319509904, 99.2848127343406
13 25
106 102
99.76661391267558, 97.66141266326039
14 23
113 111
99.99843422791523, 99.98425774606753
14 17
101  93
100.00238895859601, 100.005802154274
14 29
85 94
98.66195275425362, 86.89280892122324
14 27
112 110
99.78231088521798, 97.81849715772856
14 24
106 112
99.99449439804692, 99.94477762648657
15 17
96 83
100.00502051975872, 100.01220644845966
15 24
102 101
99.99958947447439, 99.99585178583482
15 27
95 87
99.98218091746011, 99.82131867260013
15 26
111 110
99.99489862307959, 99.94884187043228
16 17
88 89
100.01053353841698, 100.02561128311399
16 19
91 105
100.0013928643709, 100.00338617665143
16 23
87 91
100.00001529353838, 99.99996975708515
16 18
102  92
100.00383417134917, 100.00932230527113
17 19
103 114
100.00292776684411, 100.00711855995188
17 28
89 92
99.99964457239759, 99.99643352518171
17 18
103  86
100.00804918299644, 100.01957083103301
18 25
91 116
100.00001346380216, 100.000028043459
18 21
99 113
100.0008117241096, 100.00197360094629
18 24
111 113
100.00003862793294, 100.00009258367166
18 26
101 113
100.00000294114982, 99.99999067618201
19 24
72 74
100.00008160375324, 100.00019831152389
19 30
85 92
99.99997542544641, 99.99975216322957
19 26
89 99
100.00001058523208, 100.00002449909627
20 23
81 97
100.00047298349288, 100.00115001331291
20 30
91 101
99.99999853151232, 99.99998229677271
20 23
91 83
100.00047298349288, 100.00115001331291
21 28
108 104
100.00000625054612, 100.00001511147244
21 24
137 134
100.00036103774772, 100.00087782920636
21 25
89 106
100.0001310291441, 100.00031858321157
22 23
88 96
100.00209099855402, 100.00508406887882
22 28
95 108
100.00001317011348, 100.00003201543524
23 30
76 111
100.00000364737544, 100.00000886225936
24 27
91 107
100.0001605629392, 100.0003903938734
24 25
118 113
100.00121869466909, 100.00296314296955
25 29
92 89
100.00004447574017, 100.00010813862451
25 28
102  97
100.00012255672667, 100.0002979853029
26 29
90 102
100.0000935464297, 100.00022744946045
27 30
93 101
100.00007140291186, 100.00017360955263