1 2
100  72
113.24539953142252, 83.36953772565089
1 5
85 91
116.45825236301809, 79.97888682890442
1 16
99 86
115.43856854720099, 77.89884626610977
1 23
84 92
114.09942133675295, 77.14496021239106
1 15
88 94
115.63352016212784, 78.01265493302577
1 9
93 82
116.68062981184086, 78.77695045459633
1 29
98 92
113.07493531012304, 76.58721584979858
1 22
87 81
114.28400997547139, 77.24699843458748
1 30
106 102
112.92050265749995, 76.50434900824554
1 12
102  92
116.2028570489181, 78.36556516766981
2 4
116 104
117.8891326267301, 81.82921043707057
2 22
95 88
117.04015735424282, 78.82945033597385
2 24
115 110
116.66875204836207, 78.60928477913035
2 29
99 90
115.70077594508531, 78.0459477368224
2 4
95 104
117.8891326267301, 81.82921043707057
2 23
105  87
116.85601595966601, 78.72000226032473
2 15
100 117
118.21123507679704, 79.54374915947048
2 3
121 105
116.86848226570982, 82.85477597806566