1 4 85 105 85
1 16 90 101 90
1 30 83 91 83
1 12 102 111 102
1 27 90 103 90
1 11 109 110 109
1 2 88 93 88
1 22 85 99 85
1 6 99 102 99
1 31 98 116 98
1 23 100 117 100
1 5 81 89 81
1 9 104 104 104
1 16 85 93 85
1 8 87 99 87
1 17 110 113 110
1 25 91 101 91
1 5 76 98 76
1 14 87 89 87
1 20 79 95 79
1 21 104 121 104
1 5 83 94 83
1 8 90 101 90
1 25 90 99 90
1 10 95 111 95
1 24 97 105 97
1 14 80 85 80
1 20 90 114 90
1 9 94 97 94
1 4 86 109 86
1 23 83 101 83
1 30 99 117 99
1 13 101 113 101
1 28 100 109 100
1 7 91 104 91
1 20 111 122 111
1 17 90 101 90
1 4 103 123 103
1 32 59 68 59
1 16 93 103 93
1 26 100 103 100
1 11 106 109 106
1 28 104 109 104
1 12 108 116 108
1 29 110 112 110
1 26 108 115 108
1 13 107 125 107
1 21 94 108 94
1 10 103 105 103
1 17 95 109 95
1 32 86 109 86
1 6 98 115 98
1 22 91 94 91
1 31 82 82 82
1 4 90 98 90
1 2 90 111 90
1 9 80 83 80
1 12 97 107 97
1 27 92 107 92
1 31 116 116 116
1 22 80 83 80
1 16 77 85 77
1 23 93 110 93
1 15 112 133 112
1 28 96 106 96
1 20 99 120 99
1 30 116 141 116
1 31 101 107 101
1 2 76 100 76
1 7 93 110 93
1 12 102 104 102
1 18 111 115 111
1 29 86 103 86
1 17 91 105 91
1 22 89 103 89
1 24 114 129 114
1 18 113 128 113
1 9 94 115 94
1 6 100 113 100
1 30 99 115 99
1 23 104 113 104
1 15 119 128 119
