1 5 85 91
1 20 108 112
1 30 99 108
1 4 104 80
1 3 114 111
1 24 96 69
1 3 131 99
1 9 95 105
1 17 101 88
1 4 100 115
1 16 99 86
1 22 95 83
1 27 95 114
1 21 115 123
1 10 95 114
1 26 110 103
1 14 91 86
1 24 96 87
1 8 102 115
1 26 130 105
1 23 84 92
1 6 106 97
1 11 104 96
1 16 93 91
1 22 95 88
1 7 104 87
1 17 97 86
1 28 80 105
1 2 88 89
1 18 117 105
1 15 88 94
1 10 124 116
1 30 105 96
1 19 100 115
1 23 91 85
1 25 105 99
1 3 113 102
1 18 112 100
1 21 103 93
1 12 110 91
1 9 93 82
1 5 107 99
1 28 110 89
1 2 105 91
1 23 105 87
1 30 120 89
1 9 106 103
1 15 96 86
1 13 107 98
1 25 115 107
1 29 98 92
1 6 109 101
1 17 90 85
1 17 77 107
1 13 107 104
1 7 105 102
1 11 104 97
1 6 127 98
1 5 93 86
1 22 99 100
1 22 87 81
1 23 95 79
1 12 108 92
1 8 96 84
1 3 98 75
1 16 112 102
1 2 109 105
1 4 105 75
1 19 100 91
1 28 115 126
1 30 106 102
1 9 99 89
1 14 109 114
1 6 94 127
1 16 114 103
1 29 100 97
1 20 91 85
1 20 103 96
1 4 119 122
1 27 92 94
1 12 102 92
1 28 102 109
2 17 105 100
2 28 95 93
2 6 117 78
2 6 99 90
2 9 113 103
2 28 117 116
2 17 101 110
2 12 100 87
2 4 116 104
2 13 106 119
2 20 96 92
2 16 86 93
2 3 110 91
2 9 97 105
2 27 89 101
2 21 118 122
2 23 108 89
2 12 93 89
2 22 95 88
2 15 95 92
2 16 100 90
2 22 98 103
2 19 104 98
2 29 85 84
2 6 79 110
2 10 101 106
2 4 106 98
2 20 115 94
2 24 115 110
2 14 111 118
2 26 101 109
2 17 93 96
2 23 107 96
2 8 104 100
2 20 108 97
2 16 75 83
2 11 87 93
2 18 98 110
2 29 99 90
2 10 111 114
2 8 100 99
2 25 90 89
2 13 93 102
2 5 103 119
2 19 108 100
2 28 96 109
2 12 103 107
2 3 89 81
2 4 95 104
2 5 104 109
2 7 101 119
2 26 106 84
2 30 88 101
2 3 107 109
2 22 95 100
2 16 84 100
2 18 114 98
2 22 109 92
2 23 105 87
2 20 95 101
2 4 87 96
2 30 132 133
2 30 101 93
2 14 113 96
2 9 109 102
2 27 89 111
2 5 102 109
2 25 88 94
2 15 100 117
2 23 101 90
2 24 114 118
2 6 121 122
2 21 94 109
2 5 106 101
2 12 101 98
2 28 107 110
2 7 113 118
2 11 90 104
2 3 121 105
3 22 101 88
3 5 86 113
3 17 73 96
3 30 117 80
3 25 106 96
3 28 114 109
3 20 100 98
3 12 111 106
3 14 107 99
3 6 106 98
3 4 91 88
3 12 123 111
3 17 129 127
3 6 92 117
3 18 122 106
3 23 94 87
3 16 98 104
3 19 91 111
3 29 88 95
3 24 100 108
3 4 91 115
3 10 110 108
3 7 104 94
3 11 98 102
3 19 96 102
3 8 110 82
3 14 114 105
3 15 86 95
3 17 97 103
3 30 77 114
3 20 92 88
3 28 109 93
3 13 102 100
3 28 122 127
3 29 73 108
3 13 84 123
3 26 103 100
3 30 90 99
3 30 102 80
3 15 92 103
3 11 99 113
3 9 93 98
3 23 88 90
3 7 88 96
3 16 84 88
3 22 100 98
3 5 96 82
3 26 107 99
3 12 85 110
3 8 102 96
3 9 110 105
3 6 91 95
3 28 89 105
3 16 91 95
3 4 114 87
3 23 88 70
3 5 80 105
3 6 88 110
3 27 95 93
3 20 98 93
3 5 84 102
3 23 99 91
3 27 87 99
3 21 94 92
3 17 118 122
3 16 83 95
3 25 87 97
3 10 99 107
3 24 104 112
3 22 104 96
3 20 110 99
3 18 91 98
3 21 116 85
3 9 102 90
4 28 87 92
4 11 90 100
4 9 77 116
4 28 74 92
4 16 100 105
4 23 92 91
4 12 74 93
4 9 102 78
4 30 107 110
4 5 86 98
4 18 109 98
4 26 91 101
4 13 92 99
4 29 66 94
4 5 101 91
4 26 106 113
4 30 69 95
4 9 108 101
4 28 103 94
4 14 104 103
4 22 98 83
4 5 98 86
4 7 81 92
4 21 103 110
4 9 78 106
4 12 102 103
4 23 81 89
4 30 94 87
4 30 92 88
4 8 104 86
4 27 86 95
4 20 76 71
4 6 90 129
4 16 78 76
4 18 105 80
4 12 80 71
4 27 93 98
4 20 110 82
4 28 103 95
4 19 98 94
4 22 98 90
4 6 87 91
4 11 83 102
4 17 94 104
4 22 94 102
4 21 75 98
4 17 108 101
4 8 110 82
4 29 104 86
4 23 109 91
4 24 106 111
4 6 88 97
4 15 107 113
4 20 103 102
4 5 95 102
4 10 101 106
4 25 97 105
4 13 92 113
4 16 93 94
4 22 100 105
4 12 86 88
4 7 80 107
4 10 87 112
4 24 103 95
4 25 100 102
4 14 92 107
4 16 96 89
4 19 91 100
4 20 93 96
4 15 69 71
4 17 108 106
5 23 114 107
5 16 89 78
5 22 103 105
5 6 94 99
5 9 88 82
5 17 91 95
5 20 111 80
5 28 116 103
5 9 91 107
5 28 108 92
5 12 103 86
5 21 100 109
5 23 104 95
5 15 91 101
5 27 105 116
5 12 84 98
5 21 108 105
5 30 97 92
5 13 86 96
5 18 96 89
5 17 87 71
5 24 112 107
5 9 91 100
5 6 113 98
5 26 104 86
5 22 98 97
5 19 107 72
5 11 90 101
5 24 93 99
5 14 118 123
5 10 113 111
5 16 84 96
5 7 102 98
5 27 104 81
5 6 94 108
5 30 99 105
5 22 114 121
5 17 95 87
5 30 86 102
5 29 77 97
5 11 114 105
5 8 106 101
5 12 92 90
5 19 107 100
5 14 113 93
5 30 99 91
5 28 129 120
5 15 103 97
5 20 103 97
5 16 93 75
5 25 115 106
5 10 102 112
5 7 129 132
5 8 109 114
5 29 97 95
5 25 87 105
5 26 88 103
5 13 105 89
5 12 90 99
5 28 100 93
5 9 102 91
5 23 118 115
5 17 95 86
5 22 98 90
5 18 106 105
5 6 108 114
5 20 104 80
6 30 113 108
6 9 109 97
6 17 104 99
6 16 114 88
6 23 87 86
6 15 111 89
6 17 108 90
6 12 95 92
6 16 92 106
6 22 123 108
6 27 128 125
6 7 127 94
6 24 89 79
6 28 120 112
6 11 103 105
6 12 86 93
6 10 110 99
6 9 102 93
6 20 101 83
6 30 127 89
6 16 113 93
6 14 120 105
6 12 99 103
6 13 105 94
6 23 97 84
6 18 106 90
6 26 101 90
6 25 99 94
6 9 103 95
6 21 108 98
6 29 106 92
6 13 126 121
6 14 109 102
6 24 100 107
6 26 84 103
6 10 94 112
6 11 93 105
6 23 92 95
6 7 90 109
6 17 80 96
6 9 80 103
6 22 98 89
6 16 91 101
6 18 125 104
6 15 105 91
6 19 114 119
6 21 94 103
6 28 105 101
6 28 105 91
6 20 90 87
6 17 111 108
6 12 109 97
6 30 113 87
6 22 106 74
6 28 93 110
6 30 78 91
6 27 90 92
6 8 97 106
6 19 118 111
6 8 110 101
6 29 100 102
6 25 82 101
6 20 90 95
7 25 114 98
7 29 92 109
7 14 120 106
7 8 144 143
7 24 107 104
7 10 110 123
7 11 101 108
7 21 135 131
7 12 99 104
7 27 76 94
7 27 101 94
7 24 92 98
7 15 101 112
7 22 107 102
7 21 119 115
7 13 129 99
7 14 100 93
7 10 89 104
7 25 75 94
7 19 102 93
7 28 99 92
7 11 111 100
7 21 89 104
7 29 87 82
7 13 98 115
7 25 111 101
7 26 101 78
7 10 114 128
7 18 100 94
7 22 108 93
7 16 93 72
7 11 94 99
7 15 90 109
7 19 106 109
7 18 98 75
7 15 103 95
7 8 97 89
7 8 107 114
7 26 108 104
7 13 100 120
7 9 95 108
7 30 114 87
7 21 112 107
7 14 102 98
7 24 115 124
7 27 99 93
7 9 117 106
7 20 107 87
7 10 98 105
7 19 112 107
7 15 105 114
7 17 125 102
7 24 106 118
7 17 107 105
7 23 110 103
7 28 106 102
7 20 109 102
7 12 100 111
7 11 92 95
7 14 140 106
7 30 105 102
7 18 131 117
7 23 123 70
7 26 106 98
7 16 96 105
7 29 105 82
7 25 87 108
7 19 109 104
7 29 120 102
7 27 100 101
8 10 126 133
8 13 103 110
8 26 122 111
8 14 119 101
8 13 92 107
8 27 93 123
8 29 84 98
8 25 114 120
8 29 107 91
8 23 85 99
8 22 119 100
8 16 91 108
8 11 108 118
8 15 81 92
8 19 118 111
8 10 114 103
8 20 106 78
8 11 100 114
8 27 111 120
8 18 100 85
8 17 106 95
8 19 92 99
8 29 82 104
8 24 96 110
8 21 94 119
8 17 81 89
8 14 106 96
8 21 114 124
8 9 88 98
8 23 98 105
8 15 69 99
8 19 93 85
8 13 98 102
8 30 115 117
8 27 99 109
8 10 79 122
8 18 105 113
8 26 118 108
8 22 93 90
8 18 110 101
8 15 114 85
8 14 103 111
8 28 102 116
8 18 106 102
8 12 76 73
8 13 109 106
8 11 111 115
8 27 91 99
8 11 96 108
8 16 102 82
8 28 107 112
8 30 89 119
8 25 103 105
8 29 103 101
8 24 122 97
8 24 112 120
8 14 101 94
8 19 117 97
8 21 107 100
8 20 93 109
8 12 108 87
8 25 113 130
8 25 100 116
8 26 109 131
8 26 105 110
8 21 91 102
8 9 89 79
9 20 112 90
9 12 103 107
9 16 99 98
9 16 102 109
9 22 111 97
9 28 108 104
9 23 83 94
9 15 105 95
9 29 85 88
9 25 99 118
9 10 98 105
9 14 85 93
9 11 93 103
9 19 85 88
9 30 95 99
9 20 115 121
9 30 106 89
9 27 87 104
9 18 101 112
9 12 109 114
9 16 108 91
9 11 114 101
9 23 69 89
9 28 110 114
9 17 86 101
9 22 128 118
9 23 107 89
9 12 98 96
9 19 94 105
9 28 114 111
9 27 105 104
9 26 114 95
9 20 97 81
9 22 109 86
9 12 119 109
9 28 100 110
9 13 91 113
9 26 95 90
9 24 105 103
9 25 86 98
9 21 94 96
9 23 101 108
9 14 96 106
9 10 93 104
9 17 88 104
9 13 98 104
9 17 86 98
9 24 86 88
9 22 93 107
9 15 88 95
9 21 96 89
9 30 103 107
9 29 96 97
9 17 98 95
9 20 98 95
9 18 91 97
10 15 111 107
10 18 110 101
10 25 116 105
10 19 100 103
10 27 92 107
10 24 107 106
10 13 110 106
10 17 108 95
10 15 107 84
10 25 122 108
10 30 107 76
10 29 106 91
10 19 112 96
10 14 108 105
10 20 125 94
10 24 98 80
10 13 106 98
10 17 102 93
10 28 113 89
10 30 114 107
10 12 98 104
10 27 110 99
10 18 94 91
10 23 89 84
10 20 106 92
10 26 121 96
10 24 106 87
10 29 100 110
10 26 126 101
10 11 126 113
10 11 131 106
10 21 115 127
10 16 104 89
10 29 116 105
10 12 117 102
10 21 117 91
10 28 126 105
10 23 126 86
10 18 110 97
10 13 86 100
10 14 105 115
10 26 128 108
10 21 114 109
10 15 98 105
10 19 128 122
10 11 105 93
10 18 102 86
10 19 112 85
10 22 98 97
10 22 111 96
10 16 114 97
10 21 91 86
10 29 101 88
10 14 136 115
10 27 100 113
10 24 95 107
10 11 98 87
10 13 121 104
10 25 95 90
10 14 127 104
10 26 95 77
11 29 117 91
11 19 121 114
11 27 103 104
11 27 98 110
11 21 115 112
11 26 115 111
11 28 96 99
11 30 99 91
11 18 120 110
11 19 95 93
11 12 110 100
11 24 102 117
11 22 107 94
11 13 100 98
11 29 91 109
11 25 100 105
11 15 100 102
11 13 110 105
11 18 113 102
11 28 98 76
11 13 95 110
11 24 127 118
11 25 98 109
11 17 117 111
11 14 99 87
11 24 113 111
11 12 110 98
11 21 112 101
11 22 113 120
11 29 97 82
11 20 120 96
11 16 115 79
11 19 83 111
11 30 103 104
11 27 106 110
11 15 117 111
11 25 110 95
11 19 90 99
11 26 113 109
11 24 100 95
11 18 114 112
11 15 105 96
11 17 117 103
11 13 85 102
11 26 102 89
11 20 91 86
11 14 92 98
11 15 93 119
11 21 69 65
11 23 88 87
11 18 113 101
11 27 98 81
11 16 108 91
11 23 104 93
11 29 104 93
11 14 108 90
12 15 83 95
12 30 99 95
12 21 116 104
12 20 102 86
12 16 112 89
12 17 107 111
12 30 103 101
12 28 98 117
12 17 109 103
12 22 118 86
12 20 92 86
12 20 105 82
12 23 94 74
12 21 92 105
12 23 106 95
12 19 106 93
12 27 93 95
12 26 94 99
12 20 103 82
12 28 91 104
12 22 106 99
12 16 87 89
12 18 101 110
12 23 92 93
12 29 105 101
12 14 87 88
12 17 94 91
12 16 106 95
12 19 96 84
12 18 100 96
12 13 100 102
12 14 110 91
12 25 85 95
12 28 94 106
12 13 96 103
12 26 101 102
12 25 82 88
12 24 99 116
12 22 98 83
12 27 100 106
12 24 83 106
12 16 81 75
12 29 97 86
12 30 90 97
12 30 94 96
12 17 81 87
12 15 89 97
12 23 103 91
13 24 112 101
13 15 94 86
13 14 105 100
13 14 106 78
13 25 126 122
13 23 119 98
13 20 111 80
13 19 107 100
13 30 113 99
13 26 116 105
13 21 120 108
13 18 89 76
13 25 93 98
13 18 110 105
13 15 97 79
13 15 87 90
13 26 126 99
13 27 119 115
13 21 108 131
13 28 107 123
13 27 105 85
13 19 103 108
13 29 94 89
13 24 120 100
13 26 117 108
13 25 100 94
13 16 90 104
13 14 114 89
13 23 127 91
13 20 99 78
13 29 101 97
13 28 98 110
13 27 118 125
13 17 106 102
13 17 106 111
13 30 96 104
13 24 121 120
13 19 120 100
13 22 114 86
13 18 127 101
13 29 112 96
13 15 91 107
13 16 110 93
13 22 114 90
13 24 120 107
13 27 85 89
13 25 106 102
13 29 107 101
13 26 92 98
13 14 118 111
13 21 93 90
14 26 99 122
14 26 92 102
14 18 106 98
14 25 77 107
14 19 92 113
14 23 113 111
14 28 83 94
14 18 101 99
14 21 117 127
14 23 101 87
14 29 73 80
14 20 94 101
14 15 90 97
14 16 94 100
14 21 101 108
14 17 101 93
14 29 100 97
14 25 86 102
14 22 97 103
14 17 105 113
14 20 80 92
14 30 92 98
14 27 85 99
14 19 80 96
14 24 100 115
14 29 85 94
14 16 75 78
14 25 94 106
14 22 101 84
14 25 94 98
14 15 106 109
14 24 107 116
14 26 101 108
14 21 103 104
14 18 100 94
14 27 112 110
14 26 98 95
14 19 87 104
14 30 95 111
14 28 129 122
14 18 119 120
14 15 93 99
14 27 80 93
14 19 102 109
14 15 102 107
14 24 106 112
14 24 99 119
15 29 89 88
15 19 110 74
15 30 83 92
15 21 100 92
15 26 97 83
15 27 89 103
15 20 103 82
15 25 97 86
15 17 96 83
15 30 87 107
15 19 89 95
15 29 82 93
15 18 101 97
15 26 90 102
15 25 98 92
15 21 89 105
15 18 89 90
15 29 100 90
15 24 102 101
15 21 85 74
15 22 103 94
15 23 101 83
15 28 92 86
15 25 102 98
15 22 106 96
15 24 122 110
15 19 95 106
15 20 105 83
15 27 95 87
15 16 103 95
15 29 91 97
15 27 117 116
15 23 120 115
15 16 103 87
15 27 101 107
15 26 97 85
15 25 112 99
15 28 92 96
15 26 111 110
15 17 92 93
15 21 91 89
15 24 102 91
15 19 93 81
15 18 105 101
16 23 105 101
16 22 100 93
16 28 104 107
16 27 81 95
16 17 88 89
16 21 75 93
16 25 108 104
16 28 92 102
16 26 114 109
16 30 97 99
16 24 115 98
16 19 102 104
16 22 93 90
16 23 119 108
16 19 91 105
16 20 111 87
16 20 109 95
16 27 85 98
16 18 101 102
16 17 102 109
16 21 86 94
16 26 95 83
16 25 83 99
16 22 101 102
16 23 87 91
16 30 103 105
16 29 87 105
16 29 100 95
16 24 103 97
16 17 85 109
16 30 86 107
16 20 86 79
16 22 99 92
16 17 84 91
16 18 102 92
16 28 107 102
16 23 114 96
16 30 107 95
17 23 107 97
17 20 99 91
17 22 90 97
17 27 103 114
17 19 84 85
17 22 97 91
17 19 103 114
17 30 91 85
17 29 75 82
17 23 104 88
17 26 111 103
17 28 82 75
17 25 95 88
17 22 115 100
17 27 95 101
17 29 99 101
17 28 89 92
17 20 95 79
17 18 98 84
17 23 97 77
17 24 96 102
17 20 95 82
17 26 108 107
17 25 97 104
17 24 96 94
17 21 101 114
17 18 103 86
17 30 100 111
17 28 82 124
17 20 117 113
17 22 85 101
17 21 85 78
17 30 97 108
17 23 93 81
18 21 113 138
18 19 88 100
18 25 91 116
18 26 111 116
18 22 84 97
18 28 99 113
18 29 84 104
18 19 88 110
18 29 106 104
18 20 95 92
18 28 100 105
18 27 97 123
18 21 99 113
18 24 97 106
18 25 121 113
18 30 97 77
18 24 111 109
18 23 94 103
18 21 84 92
18 19 84 92
18 24 99 110
18 27 93 108
18 24 111 113
18 29 89 101
18 26 107 110
18 29 94 100
18 30 95 109
18 21 92 111
18 25 90 82
18 27 101 123
18 23 77 85
18 25 93 107
18 26 101 113
18 27 92 121
18 20 115 99
18 19 91 139
18 22 103 112
19 27 108 103
19 24 90 75
19 25 90 99
19 26 101 95
19 26 102 88
19 24 72 74
19 28 100 97
19 22 84 95
19 29 96 100
19 21 116 113
19 21 91 102
19 23 99 74
19 20 92 99
19 28 95 93
19 23 81 96
19 30 85 92
19 27 93 95
19 24 110 106
19 27 97 90
19 21 101 99
19 25 88 114
19 29 119 111
19 20 104 93
19 21 112 104
19 30 80 83
19 26 89 99
19 29 106 94
19 26 106 100
19 25 93 102
19 27 100 99
19 22 101 84
20 22 80 79
20 23 101 91
20 30 87 101
20 28 89 106
20 23 81 97
20 27 104 100
20 24 89 102
20 29 82 87
20 26 86 124
20 28 103 98
20 22 83 89
20 21 100 92
20 22 113 106
20 23 98 91
20 30 91 101
20 25 79 101
20 26 129 135
20 30 91 102
20 28 108 118
20 24 90 99
20 28 90 95
20 27 95 109
20 25 99 103
20 21 78 105
20 23 91 83
20 29 100 102
20 22 95 97
20 30 83 98
21 25 101 90
21 26 116 103
21 27 88 113
21 24 109 97
21 29 89 94
21 27 91 130
21 28 108 104
21 23 123 118
21 25 112 115
21 24 113 117
21 22 104 97
21 30 105 103
21 22 127 99
21 29 99 94
21 26 83 104
21 30 109 102
21 24 137 134
21 27 114 106
21 25 111 115
21 26 104 92
21 24 112 88
21 23 103 91
21 29 97 82
21 29 81 98
21 26 101 93
21 28 88 100
21 25 89 106
22 28 99 101
22 27 91 103
22 25 111 104
22 26 119 114
22 24 100 105
22 23 103 98
22 30 80 96
22 27 103 110
22 25 92 103
22 23 88 96
22 29 94 101
22 28 82 95
22 30 89 91
22 26 105 96
22 29 98 93
22 24 93 90
22 30 93 98
22 28 100 104
22 23 91 89
22 28 95 108
22 30 98 105
23 30 90 119
23 30 93 106
23 26 106 107
23 26 114 107
23 29 83 89
23 28 103 114
23 30 89 81
23 28 86 91
23 30 76 111
23 28 84 100
23 24 96 112
23 29 71 88
23 25 93 114
23 27 103 109
23 25 104 114
23 24 96 122
23 27 75 100
23 28 88 120
24 27 91 107
24 29 87 85
24 25 86 109
24 25 81 87
24 26 99 108
24 27 74 101
24 26 83 85
24 29 100 93
24 25 87 108
24 30 106 98
24 25 118 113
24 27 95 100
24 28 125 109
24 26 115 106
24 30 104 92
24 28 100 104
24 26 112 114
24 29 91 118
24 27 94 89
25 29 105 111
25 29 92 89
25 30 97 105
25 28 113 97
25 26 110 99
25 27 111 95
25 29 76 92
25 29 103 102
25 30 103 96
25 26 98 94
25 27 96 110
25 28 102 97
25 27 129 119
25 27 108 95
25 26 94 103
26 29 91 103
26 29 95 101
26 30 109 86
26 30 97 113
26 27 85 112
26 27 96 107
26 29 90 102
26 28 102 119
26 29 101 92
26 28 109 117
26 27 104 112
26 27 94 91
27 28 117 107
27 29 81 90
27 28 82 87
27 29 89 69
27 30 93 101
27 30 101 92
27 29 96 100
28 30 95 93
28 30 120 116
28 29 123 104
28 29 111 93
28 30 103 84
29 30 84 88
29 30 84 93