1 5 85 91
1 20 108 112
1 30 99 108
1 4 104 80
1 3 114 111
1 24 96 69
1 3 131 99
1 9 95 105
1 17 101 88
1 4 100 115
1 16 99 86
1 22 95 83
1 27 95 114
1 21 115 123
1 10 95 114
1 26 110 103
1 14 91 86
1 24 96 87
1 8 102 115
1 26 130 105
1 23 84 92
1 6 106 97
1 11 104 96
1 16 93 91
1 22 95 88
1 7 104 87
1 17 97 86
1 28 80 105
1 2 88 89
1 18 117 105
1 15 88 94
1 10 124 116
1 30 105 96
1 19 100 115
1 23 91 85
1 25 105 99
1 3 113 102
1 18 112 100
1 21 103 93
1 12 110 91
1 9 93 82
1 5 107 99
1 28 110 89
1 2 105 91
1 23 105 87
1 30 120 89
1 9 106 103
1 15 96 86
1 13 107 98
1 25 115 107
1 29 98 92
1 6 109 101
1 17 90 85
1 17 77 107
1 13 107 104
1 7 105 102
1 11 104 97
1 6 127 98
1 5 93 86
1 22 99 100
1 22 87 81
1 23 95 79
1 12 108 92
1 8 96 84
1 3 98 75
1 16 112 102
1 2 109 105
1 4 105 75
1 19 100 91
1 28 115 126
1 30 106 102
1 9 99 89
1 14 109 114
1 6 94 127
1 16 114 103
1 29 100 97
1 20 91 85
1 20 103 96
1 4 119 122
1 27 92 94
1 12 102 92
1 28 102 109
2 17 105 100
2 28 95 93
2 6 117 78
2 6 99 90
2 9 113 103
2 28 117 116
2 17 101 110
2 12 100 87
2 4 116 104
2 13 106 119
2 20 96 92
2 16 86 93
2 3 110 91
2 9 97 105
2 27 89 101
2 21 118 122
2 23 108 89
2 12 93 89
2 22 95 88
2 15 95 92
2 16 100 90
2 22 98 103
2 19 104 98
2 29 85 84
2 6 79 110
2 10 101 106
2 4 106 98
2 20 115 94
2 24 115 110
2 14 111 118
2 26 101 109
2 17 93 96
2 23 107 96
2 8 104 100
2 20 108 97
2 16 75 83
2 11 87 93
2 18 98 110
2 29 99 90
2 10 111 114
2 8 100 99
2 25 90 89
2 13 93 102
2 5 103 119
2 19 108 100
2 28 96 109
2 12 103 107
2 3 89 81
2 4 95 104
2 5 104 109
2 7 101 119
2 26 106 84
2 30 88 101
2 3 107 109
2 22 95 100
2 16 84 100
2 18 114 98
2 22 109 92
2 23 105 87
2 20 95 101
2 4 87 96
2 30 132 133
2 30 101 93
2 14 113 96
2 9 109 102
2 27 89 111
2 5 102 109
2 25 88 94
2 15 100 117
2 23 101 90
2 24 114 118
2 6 121 122
2 21 94 109
2 5 106 101
2 12 101 98
2 28 107 110
2 7 113 118
2 11 90 104
2 3 121 105
