1 4 85 86
1 16 90 112
1 30 83 108
1 12 102 115
1 27 90 114
1 11 109 129
1 2 88 104
1 22 85 109
1 6 99 114
1 31 98 122
1 23 100 115
1 5 81 92
1 9 104 115
1 16 85 110
1 8 87 106
1 17 110 129
1 25 91 94
1 5 76 81
1 14 87 97
1 20 79 93
1 21 104 115
1 5 83 100
1 8 90 110
1 25 90 115
1 10 95 111
1 24 97 114
1 14 80 84
1 20 90 105
1 9 94 105
1 4 86 88
1 23 83 87
1 30 99 106
1 13 101 106
1 28 100 112
1 7 91 97
1 20 111 121
1 17 90 104
1 4 103 113
1 32 59 62
1 16 93 93
1 26 100 109
1 11 106 112
1 28 104 121
1 12 108 117
1 29 110 116
1 26 108 131
1 13 107 127
1 21 94 113
1 10 103 105
1 17 95 110
1 32 86 110
1 6 98 116
1 22 91 97
1 31 82 83
1 4 90 112
1 2 90 114
1 9 80 94
1 12 97 104
1 27 92 107
1 31 116 125
1 22 80 82
1 16 77 97
1 23 93 113
1 15 112 129
1 28 96 113
1 20 99 113
1 30 116 141
1 31 101 121
1 2 76 88
1 7 93 98
1 12 102 111
1 18 111 134
1 29 86 103
1 17 91 105
1 22 89 90
1 24 114 128
1 18 113 128
1 9 94 96
1 6 100 121
1 30 99 115
1 23 104 126
1 15 119 119
